100 80
100
34 42 23705
1 28 22799
15 19 31099
15 75 23159
35 66 27069
84 0 3752
28 87 26569
47 36 4042
66 1 29038
94 66 4077
2 43 19346
21 90 29137
88 16 17232
98 3 29600
2 45 18190
15 39 15755
55 84 21108
37 18 32643
32 9 15954
18 34 28808
70 26 25036
26 77 18245
91 25 9324
78 15 30450
16 23 14571
67 52 27824
12 40 18116
37 27 2268
88 69 23808
95 78 27920
54 88 12978
53 23 17097
83 29 2580
42 64 10214
30 67 4442
10 48 17792
12 36 26755
60 3 2765
72 64 5584
22 20 26894
63 67 15032
49 38 3756
64 53 22888
50 75 20251
89 82 32556
6 5 29212
11 94 16988
14 87 24688
10 65 17056
58 8 23835
84 85 20644
21 98 456
25 3 7833
18 91 23026
79 59 27922
37 72 3031
98 8 8220
33 23 20323
58 12 5804
81 39 21144
62 7 4779
75 14 26647
9 21 2637
89 52 18395
81 100 27519
4 34 4934
52 38 16510
11 0 1293
8 2 20742
13 55 2727
8 44 23954
69 70 18505
22 50 31391
100 29 2458
48 48 28672
36 8 12447
52 9 25748
41 100 8595
2 10 6404
94 67 17827
16 93 5207
81 27 22473
47 32 31608
100 4 5689
91 99 26881
20 33 30751
32 19 3310
81 33 31391
91 10 13319
98 56 18770
18 98 9490
35 45 17851
86 47 5694
45 2 3684
68 86 26431
63 86 29094
69 5 23825
99 71 328
100 58 25183
81 67 4984
13 19
78 44
69 60
65 68
100 80
100
54 1 19179
10 27 4403
14 83 22522
73 35 7651
19 54 32460
87 59 3118
69 76 29255
89 47 298
77 76 17846
8 8 1595
15 42 11210
80 9 10184
65 69 32672
5 28 4787
53 67 27602
47 86 29188
21 98 26605
0 7 15234
44 5 16114
8 60 13611
11 49 29095
90 4 5846
33 91 7645
31 30 4696
36 67 12286
3 70 4618
54 77 5757
97 2 28802
18 2 1792
53 60 7636
28 91 13141
44 21 26054
94 18 8344
66 66 10157
36 1 15640
78 93 7158
12 93 25036
71 27 3201
54 1 12937
35 52 31841
87 67 23602
82 29 28823
49 11 4756
43 7 12003
100 63 30643
42 70 10434
43 91 21677
81 17 14384
6 3 20612
87 47 8393
74 65 11112
18 12 17244
87 13 1376
3 97 27411
97 39 27994
35 12 25262
46 76 29194
8 92 26006
13 28 16430
3 87 21414
37 23 4610
41 8 8192
5 68 25098
13 81 4684
10 62 1926
36 41 28455
55 89 11556
1 10 18362
10 28 715
42 60 22958
66 33 12703
96 93 24556
87 97 1404
83 6 18936
27 21 426
75 45 21190
79 20 15987
18 73 12625
23 69 3035
45 3 27750
19 12 31158
69 15 2138
41 73 8136
49 78 8363
32 11 24756
63 100 22709
9 98 30951
86 2 13829
49 98 1728
3 83 15345
42 18 27559
46 35 21374
1 83 32206
24 59 31672
42 57 4302
88 91 15880
42 1 28524
11 21 16182
98 49 2837
34 40 20745
89 11
43 82
43 95
78 84
100 80
100
76 73 27243
29 50 5817
85 13 15750
92 38 31296
10 5 32085
64 83 6203
9 87 12698
30 15 9319
31 58 10431
62 95 30982
89 52 11146
62 18 11878
25 13 12395
73 76 19188
92 17 13277
18 18 13529
38 84 971
42 15 20299
29 34 27135
3 53 32023
45 100 17918
24 84 28449
14 67 24801
81 74 183
48 11 9739
43 43 15634
48 98 463
75 99 20576
38 27 860
77 4 27685
49 95 4496
46 44 22997
45 46 6781
55 20 26618
93 94 13251
81 94 23872
50 72 13845
71 94 31288
72 99 2168
65 69 7613
37 37 8228
69 90 10549
58 80 16397
23 19 6441
96 26 20350
2 24 15335
100 16 16715
2 34 21292
14 8 3463
33 52 3850
18 100 15809
19 77 32644
58 84 4144
5 42 10130
28 90 20575
82 39 6035
17 6 17457
15 44 11859
64 96 597
81 12 10027
49 30 17287
83 83 16622
90 38 21037
28 65 23704
55 10 13360
0 1 17406
0 30 6439
48 38 10223
58 75 2853
23 13 8835
14 28 27348
39 88 30101
69 73 28568
33 75 9870
72 86 19189
27 11 20498
51 53 14959
46 93 22318
86 14 21909
84 20 29974
15 78 19968
43 52 1945
20 68 13668
72 3 10699
20 45 16909
45 63 926
29 30 1110
64 52 23133
87 27 8194
42 50 1354
80 17 29308
83 68 20679
79 86 11116
25 14 24536
31 57 20258
16 23 3808
56 80 29373
69 38 3038
9 38 20521
90 3 6052
1 87
80 90
17 4
9 91
100 80
100
39 24 11023
87 77 12100
54 14 25452
4 13 19941
87 1 6671
20 81 11575
77 38 30485
85 1 31695
36 80 17666
16 16 7184
78 62 10389
62 99 5478
5 17 18098
14 79 13527
29 15 26499
94 3 25960
9 2 21020
51 77 7699
77 54 7746
43 89 1598
5 81 8750
41 62 29427
35 96 91
88 50 28233
19 64 15812
3 12 26557
14 56 17178
95 22 18286
58 56 19423
50 50 14199
90 5 7270
28 12 24031
95 11 29735
11 51 18132
82 84 9189
29 53 12843
3 44 1954
79 14 10337
42 51 29264
55 75 31369
2 6 28086
23 84 28143
75 25 6931
88 94 8032
35 70 4444
71 67 29507
72 59 23592
65 54 32537
13 84 19110
100 49 3580
45 98 8244
54 15 1320
59 72 115
5 55 20163
83 65 12002
63 87 24663
36 8 32368
89 44 16313
47 38 10111
99 97 25686
81 89 15185
81 25 19485
31 18 8663
71 18 25216
86 72 2897
72 57 15676
75 88 4430
89 66 1518
91 16 31463
58 72 30878
69 17 17985
80 34 32449
42 57 19913
83 87 27501
34 77 10654
62 59 2219
56 17 24101
86 43 20264
45 87 3778
100 63 6335
68 89 22558
12 62 13193
67 1 14226
84 55 15993
19 65 3461
44 22 31155
78 74 26332
60 45 1040
93 14 24024
26 97 11423
1 30 7407
78 65 23035
34 3 28287
8 86 25288
64 91 23160
6 41 22977
90 89 12101
18 66 5396
86 78 1439
59 76 27653
25 27
36 70
26 38
64 13
100 80
100
51 57 30550
35 78 7961
27 30 24307
3 32 30296
33 52 16054
85 90 26907
45 67 6952
60 27 19695
95 56 23740
91 25 11479
61 58 20771
53 38 17166
83 24 21045
60 69 1522
10 2 9002
17 71 10272
10 41 1254
41 29 5345
81 40 10354
31 23 26993
40 72 4873
94 58 214
9 70 18746
40 68 11062
49 17 16137
85 25 27373
54 68 10534
31 42 24795
80 25 28541
39 80 16023
91 31 15325
79 83 28816
40 0 32611
45 47 2886
91 28 24549
6 23 11797
73 2 23197
10 5 21337
37 89 7101
55 35 14533
23 76 8880
59 99 31817
62 16 22843
19 34 2273
92 53 22459
46 79 19476
24 51 15144
95 89 14365
7 33 16821
74 70 8169
31 16 26905
54 96 20848
97 89 5610
0 42 18453
13 76 28048
90 0 13335
95 0 5303
18 81 13614
8 47 594
65 16 21994
23 77 7044
37 99 25213
96 3 26378
29 50 28899
68 99 26370
8 24 10672
6 98 7711
67 0 26603
12 59 422
37 8 27583
86 95 11217
41 14 28391
19 41 6757
42 10 15134
82 44 13210
96 36 16898
76 83 16305
27 38 29476
96 50 4035
9 34 30780
74 79 15027
90 4 26811
40 3 16197
81 19 15667
66 27 1737
9 42 8265
47 10 17889
98 75 32304
94 32 8514
15 65 13533
44 68 23170
94 71 22132
37 76 11607
47 27 23709
72 9 32721
85 58 18116
11 79 10349
1 36 13935
89 52 25370
36 95 1074
68 82
92 58
22 10
89 44
100 80
100
76 12 7757
66 54 10928
84 32 26310
65 56 11973
64 67 974
67 70 26044
69 76 7293
68 63 1985
78 96 22379
33 77 13734
56 43 197
45 62 22556
4 94 26289
10 30 4824
10 58 5614
15 47 31548
7 14 5419
63 32 32546
31 9 18329
79 31 21462
78 89 20377
88 78 11877
40 52 12440
32 35 15810
3 46 7027
87 93 13439
10 8 21251
34 96 29441
77 16 32413
11 54 25720
91 0 7838
32 43 12299
88 69 15211
34 65 19694
56 61 24938
38 7 9054
74 86 7383
82 62 32189
94 99 32393
90 93 29763
91 60 20224
72 26 755
93 59 1878
14 46 27874
10 87 32742
69 55 16626
44 49 4804
39 29 5000
7 77 17508
98 34 7654
79 24 28407
61 82 16183
20 77 32109
44 72 9321
65 52 2336
24 76 29550
20 22 14730
66 64 2933
58 12 10141
65 93 3897
27 4 20115
54 54 20361
33 73 21073
67 99 7036
98 89 10157
18 47 18718
91 41 1343
25 88 17532
90 20 899
100 74 27724
36 12 2413
36 35 19118
93 98 7880
67 75 7607
75 12 4087
51 27 30403
66 76 1772
0 31 18624
67 73 27505
4 24 23795
41 52 4381
46 24 8937
89 26 898
44 89 31625
78 66 12672
99 11 18568
3 67 24254
8 31 174
56 41 11952
34 39 7854
22 18 24259
71 84 17274
37 67 28023
26 49 9817
2 93 2710
5 62 15416
37 6 20683
21 10 11481
87 14 830
23 20 2040
61 79
95 74
12 22
55 98
100 80
100
23 72 30159
60 77 10635
85 34 18070
33 4 3500
15 0 24228
81 75 3689
44 26 2406
24 76 22819
81 8 16277
40 24 31209
18 82 17294
27 0 2816
37 47 28011
18 43 26151
25 29 645
94 77 20141
12 48 11311
28 65 7290
51 30 20408
92 77 3993
3 61 15909
13 48 28895
43 20 31779
20 10 20423
21 58 21261
5 85 22178
53 39 563
45 61 9626
8 99 21400
69 85 14925
33 32 6623
25 18 27871
73 93 17705
92 94 19669
73 22 23301
65 19 30491
11 71 16845
89 9 11266
58 62 2561
0 62 18198
70 75 16507
37 4 5151
77 72 27284
94 26 9128
14 9 10640
25 20 1762
75 97 13554
18 49 3522
37 57 29572
34 85 5021
16 0 2348
11 71 26046
89 79 17393
56 94 11430
29 12 31936
34 8 19435
89 86 20678
36 69 13827
66 44 7806
71 19 2131
70 35 32199
51 54 14681
64 29 3229
55 84 1487
76 32 29256
61 66 27414
30 17 31005
34 45 11341
45 41 9002
92 92 27869
100 45 14431
48 17 9824
2 51 3349
18 56 31025
87 93 13826
15 92 24072
12 47 6902
8 8 25701
17 17 27647
76 27 15555
6 34 29883
60 81 7875
40 89 14343
37 98 31443
65 97 12877
64 21 9210
39 23 11036
91 90 2512
2 98 11982
42 61 973
76 2 12141
96 85 26225
24 11 30740
15 12 28665
11 22 8311
24 52 23959
42 5 5732
72 55 31591
1 28 12632
92 62 4250
50 53
54 51
83 56
70 79
100 80
100
38 49 14603
3 54 15946
62 80 25856
35 59 5593
1 77 18330
14 25 18104
17 76 22389
18 76 7306
66 55 13519
15 21 8128
32 95 25455
14 95 28235
77 20 9965
77 95 16607
85 49 9829
74 73 21335
55 21 14584
2 29 3037
40 12 20136
49 53 20449
80 32 24948
28 65 18174
0 59 18624
1 12 11109
30 84 15716
82 51 1129
71 48 26375
69 62 4915
74 66 31618
85 50 8920
74 12 24453
28 15 9273
43 9 25531
84 52 21376
82 39 15374
23 5 26641
98 11 14061
19 35 20803
17 27 6297
26 29 4426
78 33 25315
94 94 13587
10 0 19427
73 100 762
8 50 18064
65 47 5033
50 25 22084
41 44 28548
20 69 651
10 92 20582
5 50 13009
10 0 6821
54 32 4555
26 11 20873
72 32 26290
44 49 2756
71 23 9891
79 23 402
90 21 27332
31 54 13691
21 67 2047
72 49 18933
7 37 19314
83 46 29536
34 98 27360
61 15 29443
83 57 6863
74 89 18200
35 52 1045
33 96 5396
35 5 4344
51 47 17310
55 23 20027
67 75 1784
79 41 30376
34 83 7631
19 76 16374
52 48 30112
44 76 13852
43 34 13626
94 56 28273
49 43 4360
65 61 11817
93 32 8229
81 6 22547
25 15 31335
40 84 9115
91 92 1762
85 71 21378
72 28 24473
93 62 27855
69 99 23123
71 12 24284
45 74 28620
59 42 13203
35 29 12731
93 10 19252
61 23 5481
55 85 26941
4 39 23495
60 74
33 5
22 95
60 12
100 80
100
51 100 26443
26 33 2047
75 46 32683
35 96 3737
87 7 23715
54 21 30364
17 86 3436
3 63 8439
80 48 5629
70 39 27351
90 56 9187
30 91 22119
75 50 24847
94 4 6133
62 66 27428
74 88 30079
32 46 30229
8 44 24542
56 44 22338
89 43 29700
95 24 12880
14 26 30729
40 33 21356
90 51 15096
3 37 31426
1 98 20387
52 50 2886
10 3 14817
80 51 17191
13 96 8961
48 18 28293
29 75 21851
60 21 30006
92 80 26695
35 62 19149
73 63 31968
72 95 13337
11 98 345
68 5 6094
30 62 29654
37 43 14377
7 93 24322
38 89 20893
93 81 6617
0 74 16110
6 47 354
60 82 32079
81 98 15945
1 89 19285
98 55 412
80 28 13275
47 38 19223
4 6 12851
2 46 4288
69 20 20273
47 50 21196
47 81 12026
27 95 6134
96 82 5526
46 87 19929
91 41 31929
89 12 26092
83 64 32578
3 84 4901
32 6 12121
92 95 5505
82 8 29244
98 51 22484
100 69 18709
80 100 6578
58 93 4212
54 44 16980
33 52 18490
18 35 6851
80 57 29729
84 72 23726
100 44 10528
2 98 4273
10 9 30300
59 80 29194
85 91 6248
22 91 18136
77 93 23549
52 3 9090
77 96 20855
7 77 13536
92 7 1205
1 23 16427
4 93 25906
68 40 22765
28 42 30829
7 61 11361
0 51 25851
36 66 32518
74 58 28381
62 38 25682
5 28 11755
82 21 8644
51 97 11631
39 37 26061
20 57
40 80
89 43
50 36
100 80
100
14 70 9970
99 27 24766
5 42 437
38 18 5930
28 34 17419
34 28 20411
78 66 25432
36 1 29993
64 100 26582
68 74 7284
21 78 4043
95 1 21128
75 18 9529
28 66 25383
75 80 1566
90 17 13955
56 8 25507
62 1 28742
57 18 22210
77 19 13822
94 23 10574
56 11 15399
55 56 10342
63 37 16458
42 15 4534
61 30 15337
13 68 16147
73 50 12082
0 20 11352
31 56 13225
55 32 24970
47 93 26188
67 25 16303
20 46 30181
13 45 14557
55 88 3454
57 87 11371
100 59 15408
93 97 1612
93 74 13006
25 92 27891
54 51 1303
53 61 19297
68 68 24430
97 10 27934
64 1 9042
54 56 16462
16 47 27654
7 37 13868
17 61 27182
63 87 13445
32 97 8260
72 17 11019
77 56 9017
77 57 13721
48 39 27041
11 39 20679
40 87 14639
73 57 6228
16 23 13685
66 60 24401
7 13 17444
36 22 16408
70 29 14910
54 10 5747
0 26 25331
80 86 16506
79 38 15404
88 67 4883
18 49 3558
74 71 13596
63 40 6383
98 8 8359
83 55 20134
84 66 27594
51 22 9924
10 2 17144
55 9 2404
42 98 15576
61 96 12989
13 92 29722
22 1 17224
52 62 11706
61 9 10832
9 67 21162
17 57 4633
72 23 14820
13 47 15394
85 59 15434
100 0 8493
6 66 24036
24 1 31764
63 84 4186
92 66 30611
42 71 16573
85 86 22158
20 36 5880
93 3 27519
30 49 6021
86 72 24331
54 6
24 30
18 22
12 22
100 80
100
72 16 28870
56 1 32119
65 48 6224
35 2 10610
39 51 21371
34 60 24573
44 8 15608
23 55 12052
18 7 15275
95 57 19664
7 58 32155
31 26 27873
47 39 25318
94 74 20753
79 28 27228
5 90 22988
38 12 31117
17 85 15592
66 44 6248
27 34 30751
59 63 31947
99 79 25077
77 66 7307
4 33 14088
14 82 31958
6 30 31480
13 18 11279
66 76 19302
31 43 20327
85 34 10431
98 68 32732
63 55 3024
54 72 27254
67 8 12368
4 54 21965
9 72 7142
28 61 25402
50 71 26199
100 9 11344
37 47 29404
34 56 19808
20 7 29650
91 64 5184
36 0 2371
69 17 30346
91 48 24570
78 81 13574
68 73 14873
60 72 14858
90 64 2931
90 1 24302
16 79 8979
10 100 26848
83 10 2231
11 60 18374
54 28 4138
74 12 496
92 16 32191
19 67 19900
47 87 15971
82 93 13959
98 20 31475
70 48 23673
42 55 482
96 95 30480
50 70 29524
8 49 20601
69 88 6961
74 63 1042
93 9 16871
59 14 29869
52 84 18381
46 20 16237
6 8 26724
51 33 30291
59 21 23025
70 33 14804
55 76 29471
2 43 27411
99 2 25511
96 49 14477
91 63 11830
96 46 17758
4 90 16651
36 19 12136
16 77 6139
72 49 21251
11 23 3553
53 71 27389
1 90 15523
39 10 8722
87 64 21081
59 62 26409
1 10 26416
27 12 26613
75 6 29473
29 94 3530
10 29 21403
86 96 18123
64 78 12459
71 42
40 45
22 4
36 2
100 80
100
21 66 1904
52 99 776
78 33 27047
99 83 32755
63 13 16188
56 55 17768
74 35 8803
84 42 25234
25 50 6760
47 58 20906
47 1 11701
20 56 9754
21 15 23147
64 26 13439
99 12 12468
89 53 6400
32 32 5650
85 60 30130
21 48 23392
72 64 9731
88 21 22329
53 44 17754
79 97 13568
6 7 5753
52 66 11464
51 11 26177
0 57 29373
74 25 16350
53 29 27887
82 41 403
55 65 13439
45 42 26777
93 79 9125
35 19 20426
25 54 17416
73 60 28689
83 48 26973
77 91 17113
2 56 12878
40 39 1520
36 4 7690
12 34 7574
44 24 28444
72 50 31925
24 49 17494
98 11 9325
27 18 14059
62 27 895
34 51 31005
65 29 21314
17 63 29437
66 2 21272
46 5 17200
47 71 17574
96 76 26555
46 47 6720
39 60 14151
50 86 13885
86 98 19793
53 37 13627
0 13 11334
41 8 22127
5 93 11910
35 9 31900
3 27 31668
71 64 18253
56 71 10720
58 75 14163
74 72 2679
70 44 709
62 66 28920
64 64 31732
65 76 5588
66 15 3081
34 97 8729
94 75 3402
73 87 167
78 91 6716
69 66 22559
89 43 32283
50 13 7390
58 22 10334
22 53 3214
53 56 10301
27 3 11579
65 79 5753
79 85 10225
42 85 17112
47 72 6986
19 32 18444
83 27 23669
95 8 9213
69 18 7583
18 6 27575
81 22 9926
85 46 31079
8 53 19029
30 99 22568
51 43 4392
61 97 1168
12 23
14 43
42 99
24 84
100 80
100
16 23 32576
40 99 25741
81 8 4614
57 97 4861
49 57 21947
16 74 5930
35 93 6889
46 25 15192
3 96 14298
34 39 1561
5 74 10004
71 100 24577
90 32 19449
36 90 16132
26 25 23084
4 52 21371
60 54 27788
49 12 31751
39 16 7907
12 0 23750
98 60 2459
47 34 11162
11 10 24853
62 40 26221
73 69 17021
61 12 2494
64 77 30246
13 29 19667
86 62 13272
100 13 13930
74 6 20379
36 97 22463
77 40 13784
70 61 30007
10 18 21494
71 87 11044
46 59 1710
98 49 587
49 36 31189
68 9 15157
82 41 7500
68 70 10370
2 88 333
35 88 4008
13 39 8286
12 49 1251
38 28 26499
21 70 25161
39 18 15755
28 33 9025
36 3 28812
17 5 25795
86 67 23789
16 31 24624
70 14 25479
51 59 14762
27 12 27853
96 80 15402
68 96 21752
81 63 27851
4 83 16802
20 74 3073
9 32 7014
55 40 30391
95 70 17996
57 40 12935
11 88 18998
16 47 6028
31 26 30860
34 54 20348
85 97 20169
73 28 5382
43 30 28103
48 39 4023
82 82 3029
39 26 10182
99 23 23547
100 46 2712
41 1 3840
56 64 9185
25 39 25345
74 5 22700
93 77 15554
33 58 10412
78 98 4612
89 33 20386
61 94 3708
91 19 25542
80 12 25921
37 46 3949
76 18 16083
40 51 13157
74 47 14336
79 59 19642
10 46 82
26 30 13285
15 61 26322
33 61 1172
49 2 6720
99 47 1165
3 16
52 30
4 49
77 62
100 80
100
53 86 23092
40 86 7930
22 21 19257
40 91 8485
57 64 2892
34 99 22518
54 51 3640
24 95 28202
21 46 29234
23 83 1953
38 45 13869
66 41 11136
22 87 12000
74 14 23756
0 2 4260
82 99 27904
1 42 30831
39 42 29004
63 94 2206
23 19 20088
36 64 32333
62 11 22696
50 4 10857
83 50 23412
85 60 1471
79 94 21510
81 24 14781
95 53 2635
13 89 32666
2 34 22355
82 47 13851
56 55 5741
29 4 4669
75 71 19377
33 5 26978
53 99 17899
18 64 21458
35 32 15141
3 78 23730
46 49 26182
34 12 12485
79 5 20864
98 75 20357
62 100 3196
12 5 14979
10 96 24205
51 78 3339
83 61 25680
88 100 23159
62 35 17789
49 66 15301
67 75 6873
26 80 9537
14 58 1423
83 89 868
60 62 12365
10 46 19000
87 83 18434
97 91 9443
44 70 15631
21 28 23330
84 26 7999
97 10 24802
75 39 30198
35 81 26674
84 40 25410
65 1 18501
68 50 31710
48 35 11330
94 99 22345
96 44 21261
84 27 17012
39 93 17745
28 63 1216
7 92 22901
35 75 6717
53 58 13631
58 90 30571
60 100 19280
71 19 10728
21 40 9927
8 9 18132
38 20 16801
10 48 25301
26 97 12988
71 70 6390
23 79 18044
40 71 15588
75 57 8583
54 69 2603
95 7 28444
36 52 17794
60 45 25824
77 90 9811
12 43 9284
84 65 19953
7 45 17867
62 55 24389
12 61 13529
58 77 17623
86 19
74 47
34 59
17 39
100 80
100
60 85 31803
94 55 9707
22 13 25139
23 91 30454
80 79 23091
25 91 1427
12 52 4034
37 76 30033
77 54 25033
5 15 15496
78 14 12817
20 13 11726
13 95 29973
69 42 17837
5 42 18867
1 0 20395
83 33 14479
90 4 9919
96 96 2385
36 73 5326
8 44 28680
12 25 29120
13 53 16201
94 88 28239
28 97 23534
68 96 16291
75 78 30084
59 34 30792
68 71 4800
85 98 4152
81 78 25496
27 77 16604
58 49 4815
1 36 15193
81 45 3870
34 73 11909
19 26 2102
72 40 24405
25 11 13908
17 75 4514
59 33 795
78 73 30875
20 11 24821
40 92 11584
21 75 6695
65 82 3755
12 82 13143
19 76 17191
14 34 13634
64 24 8762
87 31 24518
34 92 28455
96 97 31891
49 4 18595
36 87 21024
72 83 23972
83 88 10167
96 62 8342
1 5 29106
25 49 10592
61 2 10560
15 32 3066
95 54 5457
36 38 27783
56 11 29296
70 25 23333
23 49 1467
90 87 20735
100 61 19254
97 99 21824
28 9 10798
18 29 11249
16 72 31337
72 34 18932
32 60 15177
81 47 28818
94 8 14915
26 28 6233
21 98 6179
97 75 1591
76 79 13599
80 87 22303
24 14 6570
44 54 19864
72 58 1654
58 96 2557
60 36 61
8 50 24931
21 31 31767
14 49 4186
82 94 22411
32 79 24068
51 52 5030
49 12 14649
40 91 27821
55 2 15538
28 91 28758
1 57 10346
15 64 12930
95 51 3516
64 68
52 75
25 7
22 41
100 80
100
99 25 31669
87 59 5562
55 18 24306
25 31 27109
83 21 15071
65 26 6578
45 15 14430
1 13 19532
70 1 32037
22 95 14186
59 8 27606
98 59 4328
92 56 7926
76 13 6020
31 42 28624
2 61 17705
80 26 13989
69 45 655
22 27 9147
9 97 26393
1 14 10533
19 66 309
19 34 31582
33 1 8875
50 82 17158
23 85 2466
27 73 17519
23 34 19010
37 48 4528
64 76 26166
92 57 25206
9 80 22148
47 86 30942
62 85 16751
96 22 7396
5 89 31072
81 97 16476
20 20 784
22 34 23407
99 53 4189
37 48 5636
22 9 27286
42 73 27823
48 78 549
43 97 16373
50 36 4827
73 63 13054
45 99 21328
7 17 31510
18 16 19211
23 75 21388
97 76 32373
5 39 16842
44 58 28871
84 76 17344
20 38 23406
53 4 30452
0 21 14232
11 37 20694
19 3 8682
57 46 12589
73 18 2454
47 65 32181
98 95 21305
82 19 8772
30 7 27992
84 2 21265
3 90 5971
50 83 22262
16 55 7453
96 5 32193
35 17 22825
58 22 19182
51 0 15163
84 23 22370
13 76 11823
77 65 3327
57 90 20424
22 26 13612
2 22 21800
58 79 28576
24 23 31623
89 67 6419
3 86 22580
18 52 424
86 23 3093
69 44 8481
35 33 7704
41 40 19274
18 27 23892
20 39 20755
64 11 30413
44 64 2898
79 5 13334
55 79 4657
71 99 28490
71 53 28833
82 23 32269
62 75 1394
13 29 30869
17 15
58 80
92 71
65 66
100 80
100
44 67 4670
90 11 32465
73 26 674
87 89 14986
42 64 14456
94 23 4096
67 34 29229
35 70 7878
64 100 5436
40 10 19466
80 95 27704
66 31 13122
70 7 9036
68 6 3518
78 59 30133
29 39 6955
77 54 7955
56 67 11817
12 80 31157
8 99 26492
7 60 20257
21 7 12166
96 64 21126
34 54 28939
41 76 5348
80 81 18795
77 92 4360
92 17 8663
16 20 16809
40 86 16945
3 58 7759
84 2 14736
29 14 27602
73 25 16803
45 99 4991
37 59 22887
98 87 16471
74 60 2283
79 32 25571
28 61 25368
21 44 3202
98 55 15289
0 41 13646
92 28 30516
20 91 31717
63 77 9908
29 48 694
27 95 7858
25 28 18079
53 41 12069
4 100 25869
41 76 27576
100 33 19408
11 14 22496
83 7 7778
72 16 7590
83 100 21594
55 55 1910
66 75 17208
50 90 5220
39 23 31193
5 99 31641
78 9 7718
69 70 7916
61 64 28132
43 46 5583
50 13 10672
99 6 28953
36 24 7556
41 58 27994
59 44 15459
35 72 19633
32 2 27893
26 29 21094
97 9 17207
31 43 10673
46 99 1947
58 2 11892
8 59 9760
80 22 27096
32 32 70
71 60 28166
42 98 13045
6 4 25462
54 41 15786
98 40 24459
41 53 10886
24 12 20341
67 44 28440
0 43 13196
76 83 19447
87 23 26279
12 33 1410
12 34 2583
99 99 31330
86 41 14929
85 65 27822
8 47 14700
78 99 22701
37 26 5112
9 83
76 31
48 54
24 29
100 80
100
25 67 12716
16 80 24129
80 36 1
63 0 21004
54 63 26011
34 42 17787
39 3 23231
47 3 7879
13 35 11767
58 3 26987
92 100 25466
48 89 2745
44 78 28560
3 63 10804
38 36 30719
34 67 18199
61 6 27879
30 40 8655
13 64 925
15 35 31576
34 67 32353
20 95 1463
56 26 16897
38 19 2053
95 65 5833
43 23 32210
24 82 9299
87 67 11456
74 41 20492
7 94 7331
83 6 13456
97 0 23955
33 92 31791
88 73 25773
80 76 4906
13 56 21370
6 80 30355
93 40 1834
56 24 27357
81 57 9266
17 65 12653
2 17 18412
72 73 30419
29 75 27970
8 94 15231
22 88 12946
42 25 30459
21 10 24138
95 77 14875
40 32 3311
10 85 11942
83 92 11915
65 37 4954
50 73 12983
82 20 18787
65 8 18871
53 51 17560
64 59 18027
66 100 16923
46 65 16378
50 83 8498
80 5 25478
52 41 10351
55 93 17737
82 85 30083
76 56 15848
61 62 24656
5 33 19433
83 60 18971
52 87 23170
23 61 14304
99 55 1601
0 86 17217
20 56 19778
98 31 28552
55 68 23524
7 3 22699
4 84 10304
31 97 4186
30 33 7641
25 77 24956
10 26 2090
72 41 11432
79 55 1580
71 14 12414
11 32 27117
3 50 26341
74 68 20154
0 100 15520
28 98 13732
52 53 23226
91 70 27449
14 0 4529
98 85 10949
84 47 17516
61 13 12933
32 100 1374
42 85 6537
66 63 621
89 36 818
100 79
77 79
80 48
66 80
100 80
100
11 90 341
46 6 6035
50 53 4610
13 19 3805
50 71 13668
11 11 17672
8 95 8053
41 29 30254
73 88 30456
28 43 3358
17 51 28562
72 0 28363
44 66 1138
10 30 25403
36 99 20762
74 83 32000
29 78 28189
92 34 24942
97 78 5621
60 22 25355
16 9 14902
32 3 19677
81 3 11216
50 1 22705
53 36 6431
25 73 25454
2 16 31475
87 11 23046
14 100 9694
43 9 24244
58 58 10082
57 4 6520
6 56 28379
18 41 22556
87 96 4151
68 41 24861
62 28 17114
22 43 31319
69 76 10558
96 81 28478
3 8 32310
45 52 11273
68 92 2770
29 91 6691
83 50 21599
69 61 8115
27 76 21495
65 57 18208
38 57 20885
92 85 29917
30 85 15031
31 90 224
53 80 4325
20 85 22152
0 97 26305
55 55 14576
72 39 25188
31 5 17107
94 94 29246
41 1 142
19 6 23979
49 99 26603
68 2 11510
40 37 17586
3 69 7314
54 35 16951
24 39 32164
87 79 22877
61 43 6704
58 5 26564
50 75 32149
46 71 24609
80 29 29202
7 3 11501
99 40 10887
46 5 22000
97 33 31674
63 94 3663
84 29 19135
6 24 21545
73 89 32346
9 33 3052
84 55 24428
64 42 20703
20 77 30929
51 16 24989
65 16 16699
28 62 27244
51 75 14821
22 70 18621
71 99 17210
17 6 2614
51 80 17602
3 87 12050
52 8 30705
13 5 27328
90 1 15795
12 93 3838
76 76 29886
56 27 19699
84 96
20 83
42 66
56 25
100 80
100
63 32 18325
96 72 990
4 8 21683
2 24 5287
62 84 31916
70 2 21829
52 31 30761
95 72 1886
39 72 26784
36 55 25565
45 69 7301
5 15 15882
55 37 29334
38 23 11003
85 58 17243
99 88 28119
57 84 9257
45 94 32433
65 96 6475
71 88 1241
4 13 29987
77 68 24314
82 49 16473
76 18 8798
59 38 11130
98 97 10281
26 24 17549
15 2 6773
93 23 2957
2 6 19599
44 60 5835
55 57 20671
35 4 21663
27 15 875
51 67 10740
11 60 30324
69 1 17811
37 83 6422
17 11 3644
4 48 30647
26 6 9705
67 11 19566
7 71 9933
70 54 9246
65 84 3832
27 56 25986
2 78 21917
21 12 24188
36 44 29037
69 86 29055
73 35 14732
68 89 24562
82 25 4867
8 7 20442
36 23 23233
28 22 23092
65 68 132
5 69 31934
68 19 24901
60 95 1311
92 100 12287
15 36 17592
49 63 12768
18 52 25467
55 71 20299
86 74 19872
76 50 3379
10 71 19213
62 26 31419
18 79 8394
98 96 3350
32 63 31712
93 75 22562
21 11 8813
26 7 7220
74 93 21204
41 90 21001
87 26 8787
87 31 17380
43 73 25447
97 47 28463
12 55 29121
34 35 27721
13 67 1217
22 35 577
47 56 10921
1 63 27308
16 38 7686
45 10 11738
85 94 5133
14 23 31256
88 28 15831
50 52 30909
91 46 20406
57 17 31286
19 37 18729
94 99 28241
6 81 15638
3 85 4203
39 33 19786
94 66
82 100
6 4
43 21
100 80
100
11 23 911
52 55 27160
0 2 1123
71 49 21381
19 32 8083
74 96 23451
48 39 9227
53 47 28982
26 11 18763
94 48 27480
76 52 17166
56 43 4814
20 61 15264
15 87 25599
73 61 7534
94 24 8418
92 87 17588
53 80 13392
50 36 6235
40 48 7978
25 13 13661
92 23 32011
29 44 23119
3 40 29062
88 7 10464
51 57 20504
84 100 12652
65 59 24657
94 78 8434
6 85 3314
6 51 25620
76 47 26597
72 12 12779
94 83 1624
23 36 18377
80 40 8046
31 83 15180
46 0 23863
10 72 14919
83 14 17139
54 79 26739
94 85 15569
80 57 22752
25 82 11425
19 4 30108
93 73 25650
95 19 4631
20 63 18777
57 58 29979
18 83 10452
4 26 28030
1 72 21629
53 76 4311
53 96 24208
75 41 9684
94 83 26358
36 65 1034
55 24 20679
11 24 29017
99 54 9608
78 72 18743
76 39 14545
26 68 5237
80 96 6746
48 90 14442
91 85 23974
93 7 6793
21 9 1472
67 37 4534
46 76 18634
86 82 20755
35 13 12875
6 91 12268
64 50 15486
56 74 24840
88 22 6163
69 92 24472
55 43 22307
81 52 8813
95 72 23362
79 37 5697
12 30 4081
21 54 1591
94 20 29156
81 87 1504
6 90 30937
4 13 12900
62 57 31981
51 46 18592
33 9 29110
24 64 11354
19 33 8331
83 86 8408
67 1 14523
98 51 11647
43 88 26541
68 10 2373
61 25 1048
82 77 32280
37 68 32467
83 47
92 26
11 62
66 97
100 80
100
14 7 15154
55 65 29873
64 54 1791
29 52 14965
75 35 12096
47 57 26775
78 87 3278
90 35 2630
14 48 7901
4 12 10574
29 64 10629
7 95 31529
13 97 23410
36 25 5900
60 64 31986
4 11 7277
17 79 24229
39 62 11949
37 51 2161
69 31 22005
50 30 6546
68 77 32351
4 30 28880
46 78 17924
72 28 8268
58 68 24459
83 63 29285
63 90 21063
50 62 28054
29 57 8710
0 89 25452
15 20 14371
58 61 15070
28 25 5240
69 43 24742
2 57 10304
5 80 10361
44 54 5643
72 56 46
77 45 14677
56 60 12837
76 59 7512
66 15 9885
38 49 15925
3 100 11195
10 5 24718
89 28 23137
72 53 19225
80 51 16947
65 74 2787
81 80 12634
86 27 30256
95 72 15582
3 28 11071
51 15 13494
53 19 8036
88 36 31454
17 87 18470
5 100 22286
33 78 19310
17 24 26856
80 80 17638
57 49 22720
63 97 24092
65 1 27453
78 83 1026
0 90 13966
1 69 16352
75 6 30694
23 47 29405
91 60 32375
85 59 15004
54 78 23855
50 0 27306
73 74 9941
59 57 6573
13 17 28773
17 96 4755
15 87 17335
97 57 22837
48 56 8402
84 64 12071
94 54 13952
2 77 28844
83 2 11001
58 0 2825
55 90 13248
55 65 1193
66 2 26638
31 13 25814
12 60 15186
33 6 3052
67 13 30136
3 86 3670
58 94 24246
27 84 13232
92 59 12809
75 62 10470
40 37 29104
87 36 3887
90 84
35 96
75 82
97 87
100 80
100
60 42 16766
92 19 30812
58 62 25532
18 89 18700
51 19 31719
77 81 378
9 10 29699
9 62 18239
21 48 20610
79 86 19423
6 16 2815
89 81 26655
45 94 32180
97 4 32310
24 47 4962
9 61 20927
72 65 26466
53 12 21922
9 95 28692
16 91 20347
2 59 16877
20 1 27946
63 11 975
71 90 21635
64 31 23920
29 41 7783
46 95 3836
73 61 26021
25 8 3384
18 99 26481
99 84 32717
25 62 30298
55 68 26500
17 62 518
36 36 4251
68 48 1300
9 33 22910
39 83 6139
27 83 20609
43 30 710
71 7 19320
40 5 16616
91 98 29241
69 0 20915
86 98 20842
56 20 13582
93 5 32053
67 90 26490
11 20 9132
19 25 24972
94 40 15617
8 49 24161
97 26 23535
98 81 18882
66 11 2776
49 90 481
43 77 12929
17 23 25092
29 46 19844
21 62 8819
4 8 14273
81 18 20354
30 42 19322
84 44 15513
33 72 17887
76 44 14710
82 82 11061
96 85 16174
15 46 9945
77 12 6032
47 99 15825
94 44 31986
50 35 10929
56 85 10654
32 99 28652
47 62 5456
81 85 10739
14 98 1151
88 22 31929
59 6 24689
22 53 12390
27 85 24649
58 55 16229
56 1 10886
23 35 19473
42 29 5048
55 63 16046
48 69 19025
66 13 15473
35 45 26841
35 13 20160
20 25 24309
75 42 32247
82 88 14072
99 40 25938
14 32 16639
54 36 28104
42 43 28102
71 83 31745
14 12 29364
94 27
88 97
37 76
86 30
100 80
100
39 98 30983
53 79 8240
79 82 3323
45 98 29803
19 42 24331
51 60 31501
7 34 20163
71 14 16555
3 13 31921
39 11 18208
42 6 26801
22 23 18453
62 80 9108
89 74 14640
75 59 4406
8 35 79
34 76 13399
47 77 11155
29 55 20448
81 50 21560
55 93 24922
64 80 25688
61 51 9908
44 14 5945
67 11 5563
61 18 2227
41 20 30151
2 31 21453
45 99 15503
47 95 27049
18 76 29982
11 93 16718
53 70 25697
66 21 5627
63 36 24776
80 59 27905
41 26 31466
31 28 23895
61 46 13112
54 22 25188
88 69 7442
54 57 12476
28 15 2535
40 85 24247
81 16 14119
26 90 3117
12 72 4138
71 58 23496
85 76 29020
59 64 21914
76 86 3152
81 42 32259
7 10 9348
86 3 23819
23 46 27391
31 52 12728
10 60 21263
13 80 27149
87 27 25808
94 14 942
60 56 25156
44 21 609
74 52 6696
0 52 233
56 85 4032
27 73 21987
77 22 16728
81 19 10679
1 39 24366
93 19 31672
44 96 17144
73 72 17408
1 14 31816
33 3 27835
35 74 24703
42 43 6350
65 71 19725
55 98 26408
82 11 16679
87 59 26906
91 73 12356
14 92 10121
50 15 255
92 43 9689
93 0 9264
78 53 8928
1 49 7761
96 70 14150
10 50 20884
54 74 11798
90 25 24886
26 14 24433
17 12 14057
31 3 16036
3 93 6518
1 17 1032
36 55 28638
89 71 12415
82 52 20132
28 3 27492
39 61
33 73
29 73
25 36
100 80
100
65 7 22202
45 99 21231
64 33 8296
64 1 4978
7 31 16901
97 15 31161
90 88 13204
100 58 19422
8 95 18289
22 70 17391
37 11 18841
45 86 137
86 100 15823
86 47 16099
86 93 6985
39 60 1078
97 94 9399
0 4 5579
5 70 29107
39 84 9750
10 51 31494
95 56 17062
29 48 3393
79 98 8660
80 95 32154
83 74 16496
33 59 27410
29 26 7910
72 56 19020
29 89 10890
95 82 1178
49 10 19217
27 92 9006
95 78 30051
21 84 25975
79 12 23613
28 6 19973
89 52 11371
50 64 13204
50 8 1403
73 16 19465
6 36 24889
36 81 1412
15 87 11092
38 12 26075
63 13 14330
85 66 8983
42 20 25427
57 90 18375
44 47 15644
23 11 3137
19 79 2772
74 57 10810
83 7 28731
79 6 25133
24 6 270
98 27 17029
39 6 12363
26 49 3739
5 50 20575
11 75 30675
27 96 29959
55 31 17794
3 45 21206
11 75 6248
19 39 408
16 77 15586
25 49 7686
64 5 2844
19 11 31881
55 70 14057
35 16 16904
16 9 14614
12 30 6378
38 4 14921
24 63 10193
71 38 11212
14 67 15555
35 100 5335
29 98 6838
87 0 6969
5 58 20667
29 21 1128
43 0 18748
47 92 26720
79 90 9480
25 37 8680
35 24 18724
22 48 16386
60 68 6041
27 19 27323
82 83 27318
45 10 24987
9 38 26498
0 32 1112
43 46 26445
49 26 18082
12 41 24999
60 74 5666
36 48 14115
0 32
54 74
59 82
13 81
100 80
100
68 83 10463
79 8 26021
76 95 356
92 7 17971
32 53 9413
34 38 27351
70 35 32389
88 3 23340
59 76 9439
25 13 29704
35 25 19551
60 12 15108
35 11 32495
30 63 24642
74 92 28285
25 93 17383
91 10 32641
99 40 8708
100 82 524
44 45 739
95 6 4137
44 53 1774
88 4 16055
94 44 27828
52 71 18945
92 47 5294
66 82 14788
81 8 6612
73 4 12386
56 7 10026
8 26 18287
13 17 20930
7 47 4066
3 55 15342
28 32 5766
27 58 29073
36 8 15757
97 99 5847
100 51 25157
64 16 31156
73 22 12902
38 52 11264
57 29 22131
80 57 20233
20 40 16160
71 54 31468
90 100 445
39 78 31523
99 84 21528
22 97 18165
89 51 29266
33 69 30683
13 91 6550
27 75 22772
70 18 22719
17 70 21016
19 67 21572
44 58 13873
88 67 19724
52 43 12253
10 38 20975
18 49 30861
74 44 4630
85 54 1428
82 56 23164
61 59 13293
8 37 29486
30 1 1690
56 61 24876
85 87 5353
91 42 6131
31 95 7434
82 5 29203
55 28 9396
37 95 27244
82 17 29901
51 59 6102
50 68 24142
37 40 27496
58 13 26081
94 27 13732
77 36 232
14 98 4378
73 15 18921
15 62 4470
88 8 19351
41 30 3055
50 69 2293
49 13 2698
58 87 3645
29 19 3507
34 33 27027
15 10 14364
0 22 15283
52 4 28387
87 53 28693
42 93 27750
20 58 26938
57 89 20052
81 59 22820
30 68
43 39
99 42
10 79
100 80
100
47 8 26207
16 6 28532
23 13 29092
11 46 3241
8 92 10454
92 0 2884
88 91 3995
91 9 6491
46 97 25583
61 31 8023
59 40 12152
25 76 14669
37 81 27093
39 8 28764
90 5 5532
28 10 12573
14 37 18885
48 85 7494
1 79 6063
21 48 1540
87 11 16903
66 38 27074
19 10 21305
66 0 2906
44 26 25132
99 16 29147
30 19 19073
32 44 10090
43 49 22921
34 34 13035
12 30 938
87 64 23415
66 92 11763
69 16 5572
1 36 1546
96 45 23309
33 17 22203
19 51 26143
67 85 20941
64 27 16013
48 22 30700
27 40 25412
51 58 11722
39 32 7411
75 54 14787
86 80 22010
47 74 26533
93 43 6377
3 32 30831
17 6 22449
82 9 25125
66 82 11537
29 82 18441
67 40 14061
7 82 3543
6 72 17294
84 15 2262
29 14 9461
96 36 10211
0 48 25811
38 64 1979
39 16 6333
65 18 23341
10 25 2480
40 46 26368
25 11 4880
73 5 8111
33 23 23705
25 71 19273
72 36 12288
3 48 29717
88 26 30264
58 79 2256
5 80 12690
84 18 19865
23 5 24886
30 68 19687
96 27 28581
44 69 23073
18 49 28997
0 69 32686
77 11 22819
34 28 28822
74 55 14705
62 13 23056
33 20 29291
76 95 19334
22 40 11687
7 98 27651
75 67 31997
47 47 27133
33 85 15238
61 30 3839
95 19 13415
60 16 12960
9 85 26212
81 65 190
62 85 19566
58 12 13578
21 59 12963
51 72
24 95
90 88
28 84
100 80
100
87 28 2630
32 87 21166
84 13 3097
48 74 169
20 79 25767
62 15 20280
13 87 18287
65 64 29786
72 70 32113
33 61 32400
23 56 13196
81 42 9438
42 44 24698
89 64 26033
89 79 21889
81 81 4373
74 28 6440
41 49 4085
60 14 3468
91 11 23914
43 42 11316
89 73 2108
1 56 24431
18 41 544
81 78 17826
68 83 20317
34 47 1296
30 58 9437
12 27 22271
93 13 31697
78 81 10065
69 91 26998
6 93 8669
6 78 28317
34 91 22833
18 78 17917
85 34 27276
69 24 18816
97 83 12579
15 30 9736
43 22 20249
56 33 4701
42 78 7342
34 51 26947
75 29 32396
97 81 12267
9 24 19013
39 11 2360
86 74 19549
85 98 11162
15 74 17768
31 2 29277
49 94 23606
62 63 25799
39 84 8443
72 80 23646
10 27 25071
67 31 8483
34 17 19430
47 5 11692
68 25 12742
25 18 9824
77 9 27629
84 8 13893
86 76 7390
100 92 18717
52 61 23248
9 86 19909
29 17 22010
55 40 7444
36 70 8614
35 11 8365
12 62 23162
39 16 12929
77 77 3702
72 27 14578
33 56 7061
93 29 3285
17 13 16406
26 65 3529
6 42 25559
25 47 16027
50 60 17480
92 93 9904
96 74 13534
52 9 22185
89 29 9234
22 58 7616
3 64 6480
41 10 2699
55 26 31325
84 24 3377
20 46 10015
2 30 18988
28 29 28881
85 75 13357
70 57 11777
95 26 10438
3 46 16111
30 47 24281
37 11
7 68
100 91
58 85
100 80
100
14 32 16266
5 22 20259
49 92 17939
10 30 26391
83 23 775
37 38 16215
36 96 9751
41 56 2867
40 98 27479
32 60 14076
67 13 31769
28 71 3483
40 2 14065
28 77 2249
17 74 13175
70 25 32764
66 24 9893
16 89 29477
23 99 21217
90 13 1476
10 53 31510
30 88 13331
76 48 29294
95 7 12073
50 15 27258
69 62 28259
47 85 8190
38 84 13179
86 19 2705
7 17 19478
81 29 19921
68 25 5803
59 15 27363
50 86 2577
40 34 10088
6 22 1563
85 1 23357
73 48 22789
94 95 26779
33 77 30886
3 46 6765
83 24 16285
9 4 4859
17 42 24050
51 37 26940
38 78 27113
94 56 7529
6 82 26869
64 4 15788
50 49 4618
40 31 31223
78 94 16837
49 63 4722
20 78 28191
83 72 3582
64 72 10916
75 60 3766
53 60 20334
24 71 30848
9 28 25675
1 77 521
56 92 24278
81 39 17087
16 12 23925
44 7 28838
73 14 8820
69 27 22301
91 25 31151
5 18 11245
6 42 14483
13 45 23094
38 53 31582
27 10 13084
65 13 29657
72 0 16955
66 77 23824
46 52 22607
21 65 17583
40 28 18577
67 4 9735
92 99 26041
9 52 7153
93 84 4522
98 48 1539
87 53 16164
63 5 13014
18 41 10018
44 61 17487
73 97 15270
58 74 25633
51 29 8220
90 11 19982
53 66 13221
68 3 648
54 64 5086
52 12 28614
8 95 32525
43 62 22628
72 87 12971
85 46 1580
87 84
61 52
87 69
5 34
100 80
100
94 22 24845
49 24 12731
64 60 23200
1 70 3164
40 96 29425
24 26 7943
97 8 12357
29 66 13117
33 27 3125
98 8 2965
78 51 21080
92 26 3008
57 67 3759
86 21 1026
33 65 14817
8 41 25514
62 57 9621
77 15 13104
27 34 5533
28 89 502
96 57 688
79 24 15601
63 31 18902
44 35 31387
80 98 6113
68 27 32247
1 38 17026
37 13 21916
74 25 2265
72 31 23803
31 5 29594
8 67 21846
95 82 20756
51 55 6444
18 26 9149
16 90 26628
81 66 23062
13 51 16857
18 45 23812
58 3 4246
97 84 32233
60 6 17250
99 40 8231
8 76 21171
18 17 12758
59 28 13659
66 53 13776
97 2 28171
51 60 21858
10 27 22018
10 13 14911
0 51 29922
69 29 24972
40 63 24291
78 10 16159
47 18 2521
74 94 29764
32 69 7881
1 30 8102
34 0 20735
11 33 29741
5 97 1255
62 90 25330
98 38 24599
84 94 18583
91 66 2374
39 51 18594
86 24 14890
26 78 25015
1 69 7793
49 1 23476
94 49 8784
38 61 3368
37 63 6239
32 70 10142
64 18 20922
50 93 21158
51 92 13472
50 46 27567
26 74 23811
8 26 21768
97 26 12235
75 70 26790
67 78 21688
89 95 29566
58 57 5158
30 51 9363
7 93 27940
69 7 9997
94 26 11671
22 21 16622
66 49 14688
7 29 22599
55 62 20170
38 87 16117
97 71 17819
94 17 10574
16 90 21411
97 42 20042
99 56 7334
37 99
70 31
20 13
64 56
100 80
100
94 6 4576
48 87 30023
17 90 17466
27 100 8216
48 62 11146
27 14 28676
41 90 32430
29 90 2197
93 90 22280
26 22 5973
6 42 28255
29 43 14618
37 23 32271
88 23 26793
36 23 24346
55 47 16784
57 11 8944
61 43 21385
41 82 27399
61 57 16842
61 32 22941
72 63 18180
89 6 8253
8 9 16907
76 72 219
60 22 30807
73 67 7330
82 42 4825
68 51 14281
95 6 20192
11 49 15368
10 22 16387
89 18 19344
44 73 8516
26 22 13445
39 89 25327
32 73 6507
0 14 12255
12 75 15635
93 16 24617
36 30 8410
92 63 2155
10 14 6759
28 4 23593
30 53 16930
33 81 16116
23 45 11797
88 100 29539
34 48 25864
69 28 10235
40 55 25572
84 25 404
43 81 973
30 16 32744
17 6 6511
55 56 1098
82 93 22124
99 9 11189
76 16 23548
62 70 25780
48 35 6674
4 86 32472
35 91 6304
21 70 13484
18 92 12510
12 23 12912
2 44 6803
90 21 11010
17 77 5593
62 31 31155
78 76 29648
61 39 27402
48 79 24887
11 10 24471
17 53 11249
14 97 25448
16 78 22735
85 24 22975
30 30 20808
19 52 20505
17 66 18648
72 99 15528
78 68 18497
20 4 11205
48 96 8422
22 10 32019
50 7 29942
89 33 7235
5 48 4388
56 19 27317
74 29 6931
58 62 9837
29 18 9169
92 85 20508
26 32 4076
13 71 13605
95 84 3840
26 0 9188
43 43 6876
30 70 16295
61 39
68 4
9 79
75 79
100 80
100
99 61 29130
60 75 26772
5 80 10401
85 2 1043
12 29 18535
77 2 10033
33 58 7085
64 96 15823
26 70 25403
93 3 9418
92 65 10887
90 27 30074
63 55 18447
66 10 32076
81 13 12958
4 77 11247
25 27 28885
48 67 18386
32 21 23199
19 30 11236
90 32 15449
72 20 722
83 23 14795
92 6 13112
43 37 9033
12 88 19845
16 96 22935
25 75 6011
42 75 28007
83 57 6806
10 49 28037
47 96 12734
6 99 25356
16 43 18446
24 11 23873
69 37 7580
89 7 14048
81 68 18559
13 75 31999
28 8 6024
93 13 9175
80 19 18799
81 44 4115
35 94 1625
93 80 31598
29 28 775
73 8 29137
28 1 31762
48 60 8231
20 31 7419
20 19 166
49 8 14838
48 42 10306
73 93 21692
13 74 10103
44 88 971
79 96 9404
100 99 20700
18 17 8505
76 85 20078
57 78 18573
92 95 19904
24 52 21201
13 100 5527
23 72 27676
34 91 3980
23 87 22317
58 72 25837
82 49 10502
2 84 17739
85 95 6562
61 2 24652
82 3 2576
27 75 18782
44 18 6792
71 21 22357
53 72 2920
91 91 27431
6 51 14868
71 19 12343
48 80 26403
24 9 11765
35 83 9589
73 2 13756
46 55 27123
65 91 10545
68 62 16945
4 37 5270
90 59 19496
78 63 30153
90 98 13248
38 49 5098
86 46 19177
4 33 21724
45 39 22377
87 52 21789
54 48 32179
41 19 31655
61 82 21084
19 7 9950
61 42
40 18
18 22
59 66
100 80
100
34 55 12808
8 62 11713
3 80 23300
10 36 17017
49 45 531
1 23 9905
78 56 4904
49 100 7912
56 48 2278
44 34 30445
44 51 17679
78 55 10854
97 56 10336
14 93 26957
4 45 13417
10 17 14922
52 52 25159
77 85 22060
50 34 28484
11 20 32506
51 8 15559
52 21 23120
49 30 4902
52 70 2555
40 54 12074
58 98 12059
42 41 4206
99 57 821
91 16 4825
80 77 4083
89 13 2027
30 4 6534
84 51 21651
58 37 22766
84 56 7869
23 93 31370
50 31 25068
88 18 19137
59 21 25708
91 50 23977
3 38 3847
30 4 8171
22 25 10054
85 69 28257
45 83 28823
35 46 24348
44 69 21245
62 73 8660
39 24 26131
47 55 5867
16 29 13696
64 64 17299
52 17 20536
29 85 28344
8 26 17945
50 96 17836
20 44 12228
41 12 14558
46 23 19143
53 90 8178
15 83 10352
30 53 29212
24 16 30685
1 92 19084
99 57 9261
96 16 23109
20 27 26075
72 91 8129
100 29 4771
6 100 4646
41 45 31116
22 88 12545
6 72 230
11 27 27320
14 5 6752
66 25 23350
38 61 1402
77 31 20870
38 3 21258
20 80 9804
89 54 15498
24 97 1632
15 28 14429
40 34 15357
10 42 20579
97 2 1600
68 21 12899
12 41 482
42 4 18998
91 50 22395
72 44 959
41 16 8886
81 25 9998
65 92 9004
5 42 11076
88 97 4844
53 50 27919
23 76 18397
89 24 31701
41 22 23668
8 46
49 31
49 76
44 47
100 80
100
28 61 3669
75 28 9937
65 14 22630
61 84 8005
97 22 18127
91 81 20790
18 46 22705
7 0 31615
39 50 7512
5 75 5939
50 96 5121
68 16 529
15 85 30621
100 28 4538
54 6 31391
22 23 16668
32 76 23353
84 46 5837
95 12 12950
98 58 32325
37 23 495
11 31 26421
15 38 22159
76 90 25981
47 85 31269
97 0 4452
52 15 5871
43 92 23317
46 20 4004
78 55 13734
12 97 6447
1 55 15618
93 34 30862
74 97 6030
76 63 12666
50 41 8045
35 7 671
38 37 10400
93 89 21132
56 37 20606
6 76 15528
13 93 30778
80 67 20425
87 32 12137
28 79 22599
30 66 13512
90 12 19868
93 16 8888
39 54 16363
45 50 10791
62 22 31762
66 41 14810
44 93 7431
76 51 26969
71 86 30646
4 12 17900
60 20 19093
43 47 1386
95 75 27822
11 51 30150
47 57 28622
66 0 4513
77 21 22550
17 79 16713
47 53 16167
26 78 19690
38 71 924
37 7 12262
4 85 5518
31 82 9859
9 75 5980
16 96 18034
29 21 30182
73 17 2021
86 44 24061
59 78 10280
33 31 7359
54 9 4085
17 92 5899
66 69 14079
68 82 10329
67 32 11115
20 89 29591
94 80 16173
100 75 4315
59 92 13954
66 27 6413
38 94 31227
13 34 27855
75 85 5088
68 1 18004
49 59 29643
91 96 15841
42 78 25799
73 9 30508
72 9 8550
60 96 16857
18 43 20092
92 69 8643
31 68 12426
35 72
62 63
55 9
19 18
100 80
100
71 56 28204
19 93 9091
7 77 25151
28 14 30973
28 54 30619
14 61 19095
19 43 26607
68 94 27716
69 89 4055
61 58 31972
56 12 20308
0 67 17805
89 50 11225
8 32 15195
75 19 2412
40 0 15565
33 40 30924
2 32 25816
2 10 13981
29 81 7474
56 48 7174
1 64 18059
8 56 31565
36 10 10411
31 30 17223
92 14 13736
53 82 23233
68 36 21176
66 81 304
54 13 7756
83 61 13370
2 32 24179
50 13 12806
25 96 13234
66 84 15950
43 23 11230
33 34 25767
31 36 11671
0 16 7299
81 5 16495
85 74 972
90 98 16106
15 81 27441
83 82 22233
85 37 15232
34 4 12728
14 99 23960
34 20 540
81 20 22240
28 85 21590
88 85 19008
62 20 12239
88 39 4628
57 76 9167
59 37 16784
22 20 5548
8 81 7308
94 69 24464
61 79 2738
96 31 22107
60 39 18303
27 100 29265
11 84 8869
33 69 27011
47 24 7329
88 4 23621
22 42 6563
14 43 4878
87 24 22819
85 51 2693
85 97 27316
22 29 30140
21 21 2288
76 33 18362
90 62 10643
18 86 3306
44 88 15909
51 15 12810
19 68 8896
34 55 6563
68 93 8400
36 11 25156
55 4 18917
71 35 20199
85 8 21229
45 55 12365
48 0 4718
84 75 18746
19 89 25757
34 93 16589
68 96 3683
46 13 7536
87 71 21672
11 29 18453
44 18 28552
73 83 2743
29 15 22837
35 98 11860
65 19 18102
16 6 7141
78 72
48 18
39 71
24 73
100 80
100
35 38 12875
18 88 25696
97 79 7009
25 28 27808
58 53 3445
38 91 14760
17 51 17214
65 47 10159
65 63 27301
4 73 8619
8 98 21842
17 6 22078
86 73 31070
21 79 17932
85 91 302
73 75 9185
75 70 21974
100 12 21608
58 11 4522
34 92 7772
14 6 12468
58 92 7559
39 99 13129
40 71 6630
86 17 19208
14 24 20934
59 14 9422
18 31 24764
12 70 655
27 52 1731
18 54 11802
25 78 31209
39 57 27175
9 18 29258
46 33 31048
19 73 4948
1 21 10896
4 55 1664
7 19 10763
42 51 23306
15 25 10084
7 61 23373
34 62 20294
94 85 21452
68 12 9304
22 4 4366
40 19 2796
7 32 28891
6 87 26292
70 14 6267
29 49 3098
1 74 1282
11 30 3856
63 99 3030
10 38 14194
34 57 20709
38 69 10064
95 21 1364
93 29 6586
57 86 15496
43 16 8417
32 28 7888
30 31 180
8 24 2082
14 68 16181
53 93 1709
42 6 22079
50 53 35
46 95 10876
98 38 22027
66 89 6574
6 29 131
16 9 9891
67 26 5166
10 86 4967
18 90 21324
4 63 10897
96 33 4906
6 78 7872
69 69 13930
20 43 21408
48 43 4563
97 50 9749
94 23 5297
39 70 29018
74 46 20196
98 14 11565
57 90 15918
15 62 9588
56 100 31085
11 85 1487
89 42 11186
4 0 21519
41 20 10881
0 87 2719
21 46 6556
73 23 24621
12 29 21536
81 72 31805
50 48 1510
2 0
28 57
51 25
11 77
100 80
100
87 87 29307
15 20 18197
30 88 19229
21 19 28892
77 96 10976
74 65 8005
91 65 13461
63 20 23029
23 59 31814
24 9 22382
88 80 3388
64 23 30353
75 86 6068
79 6 5452
81 58 1744
60 97 5235
13 13 12199
67 6 493
80 69 28797
48 20 22973
16 23 912
71 64 25498
9 47 2810
50 23 13822
56 86 915
24 66 10503
89 46 27364
86 17 21114
46 15 2174
22 59 20926
37 89 1370
85 52 3513
38 48 23560
96 63 24520
89 98 17112
92 65 20050
20 39 3402
93 9 16030
86 17 13400
61 7 14584
73 24 19842
65 79 19278
8 42 18086
40 5 5572
8 8 20742
27 59 27121
55 84 4100
40 42 28868
87 8 28805
91 11 21580
88 39 5118
98 39 16837
25 85 1669
46 62 3524
40 84 6542
66 85 10076
94 99 17689
38 55 10374
18 78 28531
75 38 314
20 66 32737
58 20 18423
88 45 15053
98 0 30128
51 53 9799
12 69 3161
32 88 11260
46 21 11904
69 19 27127
41 66 21439
28 62 13755
50 96 22759
31 79 19871
22 92 31794
10 91 8823
25 81 13543
63 27 6120
85 83 4900
85 84 9205
66 54 16344
44 41 26291
20 23 7700
59 91 14627
38 72 17968
78 25 24216
94 29 26754
79 17 1597
59 66 26770
21 86 12955
59 50 789
63 17 31524
19 46 24597
62 42 48
2 88 24586
23 35 25594
44 22 3542
90 51 15217
77 49 14559
62 80 16385
45 6 8640
64 42
56 15
42 0
69 2
100 80
100
39 99 12175
45 41 12291
27 48 10918
15 32 23684
83 21 23975
74 20 5807
77 57 29864
7 37 13367
33 46 11520
63 18 29535
21 38 19500
89 89 21997
86 30 28384
50 97 31253
93 46 2680
55 0 4321
30 55 28423
63 96 20154
61 84 8872
91 17 7715
88 41 7919
88 84 17863
8 58 24451
95 31 27233
45 6 23878
9 71 10801
35 14 5020
54 91 21236
51 56 5547
7 32 13465
71 57 6061
63 76 8749
95 31 13480
74 1 8115
13 5 13103
85 58 22241
42 6 11248
50 80 1527
7 2 19261
62 14 818
41 44 730
100 3 29830
20 79 29610
60 49 20127
27 25 12060
9 47 24414
18 25 15968
58 32 26446
74 92 12747
3 53 25281
20 72 25851
91 77 28312
49 12 13459
60 34 32226
14 98 10406
56 9 11477
5 45 9010
97 63 13009
25 75 1076
27 68 6249
66 50 32058
37 64 14248
61 88 3201
11 68 31759
23 50 23558
16 96 9463
0 45 6923
41 10 18532
42 63 26877
21 9 19820
12 59 7883
65 97 23734
98 1 16389
18 22 10950
11 61 12121
23 89 21261
73 57 31306
68 34 3067
7 9 15935
68 89 7034
7 45 23856
83 19 28839
66 40 668
12 85 29343
53 38 27029
5 10 15799
35 32 31485
5 47 32639
38 95 18251
83 66 14166
63 4 8567
75 86 9350
86 55 18645
63 35 27671
22 98 11784
79 71 20443
18 25 864
85 51 32100
88 87 815
34 92 22245
60 45
80 32
18 42
86 11
100 80
100
4 18 15786
62 19 1299
37 96 24756
96 95 3136
91 69 5346
23 31 4891
18 61 7246
13 75 9979
18 5 17571
98 1 8786
54 35 24633
66 90 5097
14 84 12525
74 65 12782
41 8 20580
24 24 16328
83 15 22914
76 9 24286
12 0 17714
92 56 25057
10 26 8414
46 97 14134
94 54 3866
15 45 10894
20 96 29559
94 73 26330
92 48 20607
63 15 6411
71 78 19257
11 70 10606
90 43 2513
92 29 1149
98 18 19260
67 64 11644
99 4 13284
48 71 9280
71 39 28615
23 96 21734
78 67 1167
3 25 9076
24 63 3721
67 51 32398
64 82 14728
37 34 3017
56 42 8982
49 94 17732
79 45 1407
85 47 5002
82 91 9119
32 19 24559
9 8 31608
35 56 6887
79 18 23029
3 19 3839
79 96 5229
41 9 25735
27 23 31936
84 27 17170
29 59 11044
20 96 21837
44 17 1275
49 43 26852
100 77 2636
31 60 18281
58 18 31667
63 30 1660
54 41 26846
10 87 15522
63 43 15360
27 10 5524
57 75 28850
34 11 31714
18 10 25922
81 3 18248
36 1 11104
25 21 26114
89 28 31136
94 91 7426
21 21 29017
13 26 3543
1 41 25790
2 0 676
62 16 14149
20 10 24444
19 83 26301
75 11 22007
9 45 21918
54 48 25313
20 85 8056
95 37 1875
46 70 9869
42 79 26004
30 88 13819
2 81 16271
69 39 5636
7 52 6094
96 55 22599
79 83 14123
36 37 27
45 66 26816
54 70
31 89
95 80
31 43
100 80
100
4 90 27332
66 79 19919
29 33 3948
83 35 7045
100 74 3897
79 56 28295
56 17 1060
16 22 31712
73 16 9354
27 60 31312
22 14 9696
80 15 11966
84 76 9136
51 50 20286
72 68 24593
30 47 25394
75 78 28390
10 75 27699
69 38 28543
27 76 14022
34 69 28780
59 38 776
9 70 1963
2 2 5328
43 75 7545
97 29 30718
49 84 29286
73 45 12533
100 51 6528
71 59 31335
52 5 1458
9 43 26877
80 75 30119
5 46 8847
34 64 3032
28 76 6617
44 8 18564
51 81 16624
47 27 31177
94 2 13297
77 40 6682
7 50 19094
43 54 4026
90 9 6834
19 58 24595
0 64 3791
57 68 16378
10 86 7000
39 49 1598
35 52 8727
81 83 30742
23 70 1783
99 22 16202
94 75 10818
87 7 10287
50 65 15311
29 54 6596
96 35 30698
76 2 9369
19 71 10705
31 34 5454
28 64 6427
33 80 15800
37 44 7788
29 39 13344
64 20 20796
73 76 10775
77 33 25501
66 86 17604
54 35 8768
92 8 7882
13 100 32309
87 20 24589
1 89 21262
71 94 12805
41 45 5996
34 13 22361
79 13 7981
92 26 25595
98 58 23974
4 37 3847
51 75 31667
10 40 27132
99 66 26756
45 80 314
77 17 7535
55 17 6089
93 67 27694
81 39 25806
50 73 11348
32 3 826
97 19 18399
58 20 13466
98 66 20520
25 94 15891
39 62 15280
21 20 4840
47 23 622
35 55 16930
59 70 20905
33 38
74 90
22 5
19 76
100 80
100
53 47 9582
49 65 19629
61 33 6271
62 34 25798
24 17 17768
77 28 24015
62 92 30321
38 69 17037
43 46 14817
38 78 7532
50 47 19361
18 76 4351
34 17 7879
93 83 7907
42 66 15773
95 40 31501
57 77 14092
78 40 17076
76 64 1646
26 85 13650
23 67 24364
60 67 29549
12 38 6076
18 48 6696
79 71 10206
61 8 9171
22 59 23585
99 63 5358
52 99 5401
62 5 31316
86 9 13005
24 93 26775
96 48 15689
75 5 21932
9 19 346
71 80 7542
38 14 17618
88 92 5846
22 52 30705
21 80 8776
31 28 29125
31 55 23606
29 9 25501
62 95 27778
94 98 21473
38 79 6659
1 14 10990
71 29 9180
85 99 15564
84 71 15353
64 3 20689
41 18 9501
57 91 1170
34 16 15423
12 90 6574
43 68 26664
6 44 22109
29 59 23445
65 61 11971
30 71 5447
6 100 374
4 34 26306
59 63 23488
76 37 21942
16 30 2684
49 53 13629
3 38 17059
89 66 11123
93 48 30946
97 32 19738
87 24 8660
98 67 23620
62 28 7342
15 10 22582
91 8 2179
29 61 15368
21 48 18543
55 63 22181
9 36 5441
67 79 25153
49 22 15231
80 81 14939
1 89 6877
72 48 5857
91 54 14458
99 58 22554
54 94 18304
80 91 597
33 14 1022
74 18 22939
60 98 10764
57 71 27855
5 2 18339
33 67 7423
45 4 12720
78 9 6359
0 76 5437
47 82 11639
70 13 975
10 80 1300
30 0
25 98
46 66
80 55
100 80
100
64 51 10196
79 37 9645
84 94 31632
40 48 15596
90 59 5379
10 49 7680
16 9 22348
13 7 17641
6 67 11304
90 76 469
27 22 10217
73 46 12936
9 67 481
59 30 24323
35 90 4461
65 24 18142
46 81 983
8 44 31251
57 64 6596
90 2 21286
73 3 31481
87 12 25075
31 24 9618
2 74 23946
57 78 14845
28 9 22748
90 83 30555
54 66 2349
79 46 13337
9 56 16000
9 55 3286
9 48 3451
9 88 30717
97 91 26488
15 78 30350
97 41 18612
28 16 19219
93 55 3564
31 44 1465
72 40 14774
75 33 24825
42 34 18307
17 49 27740
24 67 27915
21 12 27454
44 20 11404
5 46 11167
19 46 10546
38 67 32092
7 46 7277
77 27 27757
53 39 26161
54 36 246
15 13 19276
85 36 7759
52 7 23642
29 28 13906
86 60 1276
36 62 30858
78 11 13917
100 58 32025
58 8 20778
7 43 14710
9 30 12942
2 6 24909
87 39 25800
29 36 16417
27 51 16247
7 75 10378
8 70 3257
27 79 23587
77 65 24480
20 26 23424
96 96 32188
94 54 28611
6 76 24734
86 71 1968
28 39 13725
43 22 16459
99 5 12633
2 14 13669
98 32 22938
32 86 4264
5 42 25505
28 23 19958
27 36 15891
41 44 25157
74 97 9460
21 74 28217
19 45 885
3 34 30760
34 2 14984
49 51 24906
40 73 29800
2 5 30796
24 58 19615
44 27 16253
14 49 4407
51 98 18241
4 93 3339
35 87
28 71
96 4
18 25
100 80
100
85 67 27396
34 32 26150
57 10 29403
46 45 7683
37 0 12154
51 38 28395
86 92 9979
71 72 30353
42 93 3063
58 84 13100
91 73 17711
33 82 179
70 10 10053
65 95 23328
32 99 8722
99 40 6838
93 63 27514
23 38 16522
62 98 28616
86 0 22716
56 51 5116
55 42 17696
69 67 12437
47 0 15947
55 27 11190
22 42 21051
70 72 20413
26 33 28441
42 4 30619
44 66 28096
9 12 31901
56 43 25365
86 17 2396
52 48 4174
55 48 9226
88 38 27064
7 39 30309
60 95 10408
42 36 9193
64 67 2189
79 97 28444
91 70 30820
50 82 5390
50 32 254
57 34 12892
22 23 13780
14 18 18266
96 39 2401
43 62 6447
18 81 7988
18 51 19471
72 82 1346
91 25 14028
70 96 27413
5 98 10870
65 47 18673
27 22 18640
84 44 16905
96 19 6835
14 48 13391
8 43 29631
18 19 11663
94 97 25319
37 34 12500
64 32 1981
14 69 10305
71 35 12935
27 56 24292
55 18 18824
21 80 15163
79 22 6139
23 20 32339
4 54 31672
64 9 21709
83 35 27770
70 37 24117
56 80 9274
58 36 17508
21 73 21029
80 9 24555
21 4 18954
97 67 1974
23 70 8289
75 57 22890
58 17 10032
31 41 21804
18 65 23160
74 1 25293
63 55 2812
87 64 3988
91 5 3187
52 31 23325
28 10 26757
22 64 3847
77 37 10801
5 39 12383
55 89 19807
48 73 27415
56 69 19659
81 26 14047
34 62
33 97
63 9
86 11
100 80
100
22 29 26221
72 49 477
64 28 12818
76 73 13622
61 91 4446
69 58 12029
81 67 670
83 13 4998
18 35 1539
14 73 8471
93 92 2145
63 70 465
25 90 5772
91 34 16753
4 45 17513
3 96 15205
69 96 32509
45 68 19185
63 29 9006
5 73 27224
9 80 15083
77 5 3907
47 63 16624
1 60 16857
78 38 20340
34 10 31051
14 22 14416
82 45 955
91 58 17796
49 71 30925
14 96 22317
3 92 15679
64 60 20549
71 63 17242
47 60 21953
25 63 18208
4 8 23527
59 78 5757
31 37 27643
65 45 21732
4 28 145
7 40 26406
32 89 24862
98 34 8033
24 4 5542
45 35 10838
21 44 29082
18 39 30349
71 68 24892
0 31 8971
91 15 10025
0 24 18058
58 56 8153
46 25 24941
57 33 32557
87 58 23536
98 3 24687
62 49 24378
100 6 31561
68 18 29533
40 54 28826
74 91 25967
52 89 30782
8 11 24634
83 39 21784
17 67 10039
92 3 26375
67 21 22223
49 68 2697
15 34 15896
76 67 17462
49 49 9609
55 13 2663
10 24 29531
9 39 27025
36 1 27018
31 17 20551
34 46 699
58 7 5608
85 45 2673
75 20 23377
46 72 16978
80 55 18232
29 71 2411
53 52 26620
2 18 23487
69 78 17157
56 93 28538
35 0 24078
36 44 667
70 1 26868
10 86 26372
20 61 11988
2 40 21534
81 26 11175
74 71 19614
31 14 8093
93 75 19469
83 100 19420
85 4 17177
19 31
51 2
45 86
94 18
100 80
100
12 80 24489
76 96 6486
35 92 27530
48 76 2044
88 67 1508
38 75 11341
35 76 1804
18 22 25125
47 62 24160
37 90 20245
74 11 5504
22 37 26583
52 32 31665
85 20 17775
61 30 9728
87 84 13805
48 0 257
87 18 15888
58 27 30520
26 67 22590
67 5 15250
92 99 29318
71 46 10620
37 17 20653
68 16 29812
60 43 22637
26 39 7975
100 6 15734
61 18 30338
58 15 20435
97 88 10038
91 9 10935
62 68 1185
67 16 31463
54 73 20004
46 10 23356
0 96 15420
38 60 10985
97 21 28935
39 84 5263
75 100 8186
92 13 3661
20 58 28395
5 92 14911
94 69 18114
86 38 3121
91 15 5229
71 64 17520
34 95 27376
65 15 30976
90 63 7579
70 13 23971
69 95 21976
28 63 4199
30 2 27147
84 25 13254
94 53 25467
86 70 24696
63 64 16186
82 41 18558
9 91 6791
97 7 4636
7 99 13607
33 18 19635
47 92 5269
32 63 15038
32 43 10542
37 51 21341
5 99 12957
12 97 9012
73 68 21289
34 64 26509
84 46 22973
87 93 12273
23 20 22724
16 64 20926
85 67 13354
45 60 22120
69 42 31520
16 1 6236
43 50 12918
65 32 19395
29 74 15019
89 26 1941
18 55 18691
58 83 22724
98 66 3390
33 52 19551
66 49 9671
50 85 32506
94 5 632
95 81 28361
48 18 23105
2 18 23336
67 30 29273
90 5 14214
44 79 13755
83 3 28914
22 65 4641
89 44 19638
99 1
9 73
79 61
97 94
100 80
100
35 54 20094
99 63 7534
48 88 32663
65 73 9363
15 100 31402
43 58 32502
59 52 14845
100 36 19547
28 16 14344
97 70 31123
47 14 22153
14 66 1623
83 60 9803
90 40 25518
21 27 5568
51 95 26168
79 79 8387
41 12 9525
84 33 17946
95 35 10788
68 11 22423
87 46 24135
73 97 16350
26 92 31357
76 76 9539
45 38 13089
87 57 29501
39 23 15605
86 90 23637
19 54 26952
75 74 25772
87 37 18130
30 100 2403
84 33 16888
81 56 13190
46 15 31357
0 9 25935
28 76 15819
53 94 1761
59 74 7249
36 25 29630
65 29 13741
91 72 31919
98 87 27297
71 3 2518
65 91 29951
27 51 30489
84 89 17674
34 34 14646
64 10 16649
86 29 25623
10 66 28410
85 84 23354
38 50 31141
97 49 23379
16 26 14720
96 51 14448
36 33 16168
6 21 11840
68 11 8278
26 31 2133
100 35 18836
84 95 18037
54 90 9771
17 73 17748
63 34 23803
97 13 28238
24 0 31797
28 34 4351
55 46 1846
90 71 24517
93 26 16631
8 82 9359
43 25 4807
56 11 13709
15 32 25166
75 54 2457
56 82 23306
33 70 6768
47 3 28354
48 11 5906
13 9 28067
1 34 21226
94 63 25098
8 15 28293
30 55 9507
43 22 32005
41 57 14560
19 67 30098
42 44 10492
39 81 8822
45 68 22534
99 20 1962
35 45 32422
50 95 30968
31 55 4760
89 13 23560
8 30 6162
12 65 27881
48 3 23443
38 6
66 60
27 31
30 18
100 80
100
69 46 6434
58 49 9257
15 100 31283
26 78 4525
91 85 10169
73 85 166
29 22 23913
31 38 17433
27 8 27803
78 23 1087
36 91 18582
77 23 24498
89 68 5400
99 94 23278
63 7 11976
8 31 8461
20 74 32094
29 35 18952
59 43 11678
44 77 6633
89 84 17785
83 60 18856
16 2 28399
58 8 13750
7 85 26253
13 78 5976
37 97 16539
7 31 1381
14 47 17489
24 35 11777
74 93 32431
10 34 24177
56 97 30414
50 63 20245
27 6 11199
5 44 6445
67 28 18521
36 75 2298
40 96 21376
30 95 31311
74 67 9165
34 69 26296
2 81 5028
54 44 5053
94 43 28429
67 88 13542
25 65 26362
35 32 10390
33 53 3513
39 78 2001
46 66 3781
52 16 24707
18 24 2095
31 55 28398
62 69 13915
35 13 22079
0 11 4805
31 48 386
89 5 11522
96 86 19813
59 97 28996
75 48 12431
62 35 20998
42 43 7032
25 48 29351
91 95 2561
2 39 3870
36 69 4152
70 27 276
19 32 22808
47 40 32000
10 29 26914
96 30 538
20 93 20504
47 29 3650
33 89 7240
33 15 813
85 46 10031
70 5 23667
35 62 1619
96 17 28254
5 1 23718
18 96 29562
98 90 18389
15 24 17246
64 62 587
56 44 14126
48 6 24019
27 43 4277
75 99 17437
75 100 16181
67 64 16785
20 46 10558
52 82 5176
35 64 17697
13 11 7072
25 54 20965
48 48 10243
53 5 199
32 28 22054
41 56
25 41
58 68
98 73
100 80
100
89 98 11454
47 36 711
7 43 17125
23 93 29032
16 38 20427
63 71 13686
32 78 20783
19 17 9989
52 92 30824
45 85 17819
75 56 29509
20 21 15755
46 67 20925
10 55 11889
88 19 2454
83 88 13632
9 60 30036
62 40 414
82 85 24073
55 53 29062
31 27 14297
7 76 8036
27 42 18267
30 7 20008
7 48 31251
47 63 31752
40 9 26301
71 26 28643
69 93 14883
8 80 7811
84 19 23469
50 70 7219
24 67 24827
58 84 17511
5 49 2580
85 58 9311
54 42 2080
0 60 22291
13 100 20129
64 96 12231
9 14 13219
59 73 7705
42 44 15716
61 11 29036
41 81 15452
48 91 23279
9 20 18094
35 50 5312
58 18 26216
20 5 14805
29 19 24103
40 0 28078
22 63 24550
28 65 17413
37 88 47
99 87 14316
61 71 9197
56 4 16161
2 35 12666
26 18 29056
16 66 32208
20 6 9689
18 86 21734
33 18 7312
46 25 10389
74 80 9691
27 100 29599
84 91 29807
55 83 18098
63 81 20223
81 50 21365
67 36 25059
15 54 11785
100 20 24498
41 60 30589
100 14 15035
28 90 17446
83 43 23202
59 51 26342
83 69 6288
23 59 26295
75 75 20908
34 73 22044
82 37 21211
52 94 7243
49 34 4610
30 29 3618
17 57 26679
90 24 2382
86 26 7584
91 3 11820
21 76 25335
80 96 25924
75 49 7664
13 36 9083
13 76 1259
97 21 27717
95 10 15291
36 33 29565
81 42 18030
64 11
9 40
27 62
21 17
100 80
100
90 80 13878
32 3 285
76 44 8928
100 4 2947
49 56 7374
80 23 14844
62 57 26360
10 88 5491
63 89 16044
64 45 981
5 82 11865
16 11 2174
23 4 8396
3 39 17806
100 28 22380
95 33 14376
8 74 1615
98 83 17100
26 73 12092
8 46 69
35 54 28925
83 83 24292
53 10 29324
44 14 30466
23 80 27133
70 99 16641
63 39 3382
42 30 3639
97 79 3794
91 32 17814
24 44 13254
6 30 12268
73 56 7833
63 68 26886
2 50 13142
57 37 8745
39 5 897
77 88 6033
2 71 5035
75 96 15873
31 95 5258
7 84 3714
15 34 26513
49 23 17888
38 31 2945
78 39 14998
43 71 26483
89 53 26388
55 36 27450
16 5 16303
76 50 12861
15 53 12954
7 2 21008
99 44 5561
57 90 20598
46 95 6442
78 67 29850
95 24 26331
83 8 21912
74 22 13957
99 28 15534
86 17 6881
97 66 15282
91 11 30716
42 72 18587
70 33 15336
20 79 21825
66 33 27203
66 97 18082
28 33 8268
30 77 29002
26 57 14968
99 94 26804
34 53 1486
46 99 3515
80 14 13934
35 16 27762
73 44 2569
11 33 13315
18 18 22591
24 5 29537
73 95 11287
3 92 23535
70 48 10512
32 95 10093
46 62 17278
35 99 28871
9 49 1830
16 50 26528
70 37 6240
96 53 21673
61 86 6953
53 57 31011
70 47 2274
84 97 32292
51 34 2230
65 45 30836
73 2 26588
79 24 3096
73 78 9771
40 52
93 2
65 71
98 23
100 80
100
95 69 32550
52 88 14882
31 83 1386
3 7 13006
51 40 23719
53 76 2717
53 3 19549
49 61 28818
36 15 10777
42 74 14037
37 28 6558
94 65 21264
78 10 18949
74 29 31877
75 38 3057
50 28 20821
40 55 16675
6 95 6589
37 85 24605
26 50 6960
70 91 9873
71 14 18064
72 48 11208
58 94 13313
64 74 24658
35 1 9214
75 28 14993
42 52 28866
80 98 26632
68 6 19487
95 88 26991
22 58 9557
23 21 5109
37 54 28561
5 76 7241
71 86 3344
79 45 8239
4 97 11299
12 25 10709
53 60 14982
99 69 29731
52 99 2241
83 8 22965
57 41 6807
2 86 24652
20 10 17058
61 30 20687
24 98 22201
34 91 20531
94 5 22448
69 56 2028
74 72 8840
64 85 11433
89 67 31287
56 44 10387
55 94 16524
70 9 27203
7 88 22994
25 94 27687
9 8 19017
18 34 23
50 44 28049
56 25 22847
10 34 1932
3 74 17076
30 11 11118
25 17 31557
68 90 24819
13 18 24422
57 68 22769
62 52 28754
49 1 14782
6 49 29611
69 23 24866
2 65 26951
5 24 15572
19 2 31983
95 89 23471
46 93 30767
15 5 26904
43 26 7311
17 23 12638
73 84 18644
30 99 26862
77 32 27661
91 32 2484
34 85 8095
60 12 263
36 27 23951
95 68 28133
92 92 15028
65 68 8820
52 33 25758
39 78 19711
8 38 29006
48 6 27625
54 86 25371
17 34 19794
49 13 11607
67 24 9809
11 7
63 51
46 91
62 18
100 80
100
87 74 13103
86 58 32199
22 56 5759
44 29 14817
100 31 8762
30 35 14376
39 33 28487
36 80 29673
3 35 28057
93 17 25495
43 59 27408
73 73 19433
50 57 31968
53 60 14996
51 97 30998
38 35 31105
25 84 5655
88 15 19654
43 56 9271
16 68 23756
64 88 14767
0 26 7018
13 50 9112
20 58 3555
9 45 3779
28 81 32510
23 37 12666
11 3 948
70 82 23443
60 82 16942
55 1 17497
82 91 24069
97 26 17980
59 22 7678
27 47 1606
77 35 7875
94 98 22972
99 53 825
83 65 9862
80 34 24207
53 82 2854
12 96 23833
15 44 24938
41 13 18570
81 25 15137
60 64 14647
8 95 23152
87 64 26975
65 42 28582
78 34 180
89 14 9371
32 95 7569
35 36 16890
30 83 11943
33 24 5391
55 12 11015
45 0 15593
79 92 12234
94 38 15343
11 22 20948
24 77 10051
89 27 22368
43 41 8059
97 46 24651
83 43 30363
58 39 5481
27 75 5476
17 2 5699
55 60 26174
38 88 23048
23 85 22130
74 42 25510
99 89 28274
4 76 21044
61 38 10329
90 75 20031
76 98 6128
2 56 27037
86 72 14807
7 41 2756
0 23 26531
61 61 15841
20 90 3345
60 88 5410
22 35 24225
3 61 28399
15 14 3119
61 28 21512
85 31 19049
11 65 30906
74 87 9269
71 57 5045
88 38 24926
80 85 546
32 49 548
14 86 25605
32 79 26499
38 72 19743
51 25 20049
21 1 9658
100 71
26 60
7 77
23 11
100 80
100
67 45 4466
81 90 18444
8 87 9141
16 10 27409
42 21 3754
50 30 23968
47 35 150
26 13 7684
78 93 26963
90 39 9403
75 41 30527
80 8 2880
57 18 5451
46 45 24906
91 99 314
50 89 24775
43 85 32100
64 30 18040
44 84 25504
89 17 6150
89 7 1825
76 62 25048
39 94 29036
91 67 17953
76 78 10927
86 67 25556
19 85 30750
61 89 30594
82 69 23334
46 89 29013
15 39 12947
38 28 25247
20 3 15104
87 4 27315
33 3 24099
87 68 32267
1 46 22745
39 4 21471
76 56 19964
16 86 17855
33 36 28776
43 3 18894
94 69 6333
84 96 15273
51 94 27581
41 4 12584
31 29 15446
47 36 28533
40 82 8380
39 23 2609
69 82 21534
55 46 6555
91 9 1753
82 90 5623
12 2 15669
24 83 5545
68 21 24853
91 4 14524
3 70 17692
50 83 18385
32 34 6200
84 66 17829
12 21 16018
44 34 14773
12 87 16719
93 59 8100
86 52 6320
62 30 31345
45 7 3177
89 56 23458
25 99 21576
67 83 3561
68 65 6029
78 35 20464
26 12 29561
81 20 30548
29 11 25086
86 85 15599
87 62 16278
89 93 11016
17 81 23474
46 47 31486
54 50 313
0 76 29575
48 79 19726
37 46 22948
75 99 1697
56 49 5578
75 12 4839
8 19 7166
65 50 5204
5 51 16589
40 87 27317
2 77 15978
34 30 7153
80 100 5211
75 88 19225
100 87 29044
20 24 21846
91 74 19226
19 58
9 63
84 99
30 63
100 80
100
2 53 20060
77 53 8527
52 25 25441
30 13 14239
49 78 18141
46 16 27480
30 84 30981
100 23 23659
6 87 30702
17 60 13401
63 14 6124
74 43 28567
2 30 17584
53 34 10523
19 9 17296
74 47 28691
3 94 16381
60 33 6390
50 46 20762
8 84 12908
47 3 21476
15 12 7105
48 31 30588
68 81 32221
88 19 16739
32 3 26876
23 2 11727
26 11 26775
77 71 29795
53 49 19516
12 12 29677
99 84 32588
23 91 26616
36 68 25302
1 99 24914
64 84 1025
32 98 5849
99 43 3790
75 55 5679
90 66 20500
1 2 13341
54 77 19201
91 89 27344
49 100 9611
44 61 10296
40 85 19601
7 91 31023
56 15 31647
98 32 3636
100 11 7569
50 35 23768
29 90 4744
38 7 11571
54 49 7409
12 99 17662
15 1 23178
31 43 10788
16 0 4011
28 23 13534
44 52 31295
22 35 28100
85 23 12078
96 93 3668
8 70 38
94 72 31448
2 20 24842
86 15 17083
66 24 2924
100 78 12456
5 32 988
48 22 17929
29 35 30713
32 17 13758
45 7 32124
76 1 8233
26 54 22974
35 99 1759
94 40 30309
70 37 14491
62 45 21309
19 72 26186
12 28 28260
27 99 14410
93 95 4952
84 56 10031
64 58 5764
92 65 7597
85 45 1630
2 27 4466
41 60 7225
34 91 24352
78 25 1618
38 65 22945
1 0 20938
56 94 14212
3 42 5758
85 75 26930
27 21 24579
34 27 30996
59 34 30264
1 49
55 38
84 11
2 44
100 80
100
80 16 10660
92 64 31718
47 72 1531
48 87 4658
90 9 22850
90 27 6980
37 18 17485
4 4 11987
47 3 10260
5 93 2841
65 95 21752
34 74 32168
30 4 25401
79 74 16180
50 43 26305
97 42 6617
8 54 25745
12 74 11912
7 30 14972
81 72 22944
41 70 6640
88 13 24539
11 35 23792
26 18 1049
82 62 26785
92 100 15280
92 57 4842
65 71 14920
93 19 10525
70 54 20337
66 9 21408
42 83 24427
6 85 14092
16 62 28128
96 36 27975
15 32 3201
90 85 20859
17 26 22719
4 60 12279
2 22 23322
17 4 18271
71 90 24510
20 100 15038
59 21 4961
26 20 11338
10 55 8356
54 25 18178
14 43 2406
54 14 4459
13 29 21697
4 56 3611
46 55 13744
36 94 32460
98 11 22418
47 86 9520
70 13 21762
31 65 10438
44 11 21174
70 56 27473
3 24 7020
61 46 7623
41 70 15120
64 94 26069
55 59 18069
71 30 26695
27 30 2877
76 99 9974
93 83 6983
30 52 24839
58 96 26424
95 65 6826
25 89 6715
70 64 11660
90 28 5450
61 84 21955
10 29 30757
18 73 9947
100 85 30776
97 99 17225
25 84 9474
73 38 9334
43 49 30375
92 75 19479
44 83 28321
14 56 26518
28 21 31698
24 28 21684
17 65 2671
63 63 8873
74 3 32112
75 13 11635
27 62 4743
13 47 22798
6 36 13022
62 16 20685
79 62 16889
16 48 4879
61 24 27028
59 27 3069
62 100 31834
21 49
14 55
98 27
56 47
100 80
100
91 13 31890
97 25 25327
29 41 13758
49 84 10374
74 47 6102
41 42 8845
10 70 30343
40 86 13719
97 28 9785
18 49 26754
55 48 29566
36 83 30622
91 95 27991
53 1 14480
88 52 26061
18 85 28168
64 89 1229
17 5 31600
27 50 14163
67 22 18442
69 84 14646
36 81 24131
75 62 579
26 47 16169
74 22 3939
72 58 19258
71 19 26365
30 22 22797
81 10 25561
34 20 26500
5 4 21547
57 72 7302
21 43 25232
97 36 17015
85 10 7455
36 37 1503
23 20 21224
66 84 8706
25 81 31340
63 64 18018
60 79 29679
57 7 6226
22 12 20674
35 59 6955
6 71 25809
11 63 20163
78 88 23054
26 59 18224
25 57 21919
56 4 12809
4 99 3282
91 18 31888
9 63 31812
18 2 27550
40 0 24001
70 59 16668
47 30 2499
1 35 21613
23 36 14238
57 82 6691
38 67 7093
16 38 19648
6 84 17749
75 71 2945
17 88 26114
82 66 9575
44 97 27226
43 49 13802
61 51 4319
86 80 1577
2 43 1346
98 9 8306
9 62 1800
79 11 32111
70 36 22687
90 34 31072
2 96 12349
74 98 9518
20 77 13855
72 83 23092
44 78 21505
100 1 2324
69 65 18407
60 39 23286
16 81 8337
28 49 14839
80 61 5165
46 63 192
13 47 4643
30 96 14970
81 72 5908
97 11 21390
18 73 13920
82 90 12544
43 60 3787
71 87 10052
22 52 2082
19 35 2773
28 93 21992
79 37 25600
83 93
83 46
57 36
53 62
100 80
100
100 18 17537
47 6 3687
59 27 26771
26 13 28773
7 17 10852
43 88 29798
36 53 12246
4 39 24424
4 71 23196
93 5 22674
92 74 20286
0 49 8071
2 95 29055
93 36 11850
35 39 822
51 53 9536
57 43 3814
88 92 17660
36 96 6596
32 17 3276
16 16 20714
83 68 9805
33 97 5092
52 6 25962
64 74 29408
56 10 8587
13 85 291
27 94 22509
56 33 19606
11 43 12370
76 57 29055
56 91 29832
6 50 11726
39 23 8317
30 49 6526
34 87 13272
4 93 20986
70 78 12111
51 33 1165
39 85 30514
8 54 26681
1 56 481
49 5 29082
68 10 5165
89 93 27538
19 5 9934
46 68 13812
18 47 14194
97 79 18287
69 54 3357
87 18 16993
59 73 10947
84 68 1116
40 42 7278
25 44 9856
18 36 19018
93 92 30976
80 49 23144
52 4 11873
91 90 13603
86 70 15195
54 22 18786
45 9 30307
30 35 1323
57 17 20033
23 57 27727
51 91 4428
4 93 6666
74 0 18198
100 35 7150
99 50 7342
16 78 17278
6 95 26571
6 59 6450
12 20 24440
82 57 22249
21 52 26904
32 63 2287
78 31 20186
65 43 31773
83 42 28922
21 80 17606
57 33 5470
68 22 15719
26 77 29039
28 61 11603
9 60 30788
18 90 9945
81 59 27505
61 73 27027
4 41 14109
49 28 219
19 20 21040
64 83 16282
93 8 16810
60 4 29172
39 10 2706
64 89 29302
28 45 24566
40 46 5076
8 66
23 91
58 90
69 15
100 80
100
52 60 28070
12 66 12408
58 77 10288
52 92 15318
85 91 23819
92 75 10782
47 29 4677
17 82 10818
14 23 32654
57 26 2703
47 41 8764
79 80 22793
87 43 29239
91 29 5940
13 19 18015
46 86 5955
40 4 14166
92 73 20955
2 79 17844
98 87 2810
33 64 17666
59 47 16797
56 13 7965
75 9 31027
91 57 31694
43 9 15628
70 10 18099
25 63 7481
6 57 462
55 95 8608
48 1 23902
70 78 6956
34 77 15817
50 99 9315
24 90 16056
62 51 22986
91 77 28351
34 36 10203
42 76 291
19 85 20348
1 46 7069
40 0 17207
25 73 17449
4 40 3748
22 28 22335
14 2 26302
37 36 26899
94 26 7460
12 65 5286
14 50 18803
16 3 4556
47 2 25393
77 90 1914
8 80 3084
12 43 503
3 33 15706
39 66 19650
22 35 15637
67 23 15949
62 42 32211
7 24 22497
67 79 10848
9 61 1596
12 49 26886
64 77 24531
87 60 11183
55 60 957
92 78 31067
20 46 18601
14 27 21156
56 8 19830
63 91 30278
82 9 17730
75 60 11240
20 25 5904
18 36 10898
12 62 11595
11 68 32153
52 43 11225
42 71 17900
32 96 17273
74 14 12025
7 15 3996
19 80 13746
32 42 26628
5 78 17748
24 7 25023
22 6 252
48 16 29542
78 63 8754
57 1 24223
8 55 29675
2 71 13652
89 76 28349
68 65 6952
60 22 9777
32 26 21501
82 43 24692
95 14 22199
84 53 10465
49 2
100 78
69 49
44 41
100 80
100
87 26 25106
88 6 4119
15 30 13435
74 87 18580
73 70 28421
13 14 25718
31 42 28141
15 91 11170
87 64 13298
18 27 3356
99 63 7849
40 11 7763
7 44 80
64 66 12968
0 1 10032
13 95 20649
11 95 7909
60 81 6067
34 21 21034
72 37 9225
90 86 13309
0 92 30837
44 91 19768
0 60 15371
39 6 2026
52 28 32691
30 90 25625
69 5 4733
28 45 31163
5 41 31979
34 85 23040
96 12 23224
48 89 5696
66 78 18371
23 61 32051
12 16 16423
7 5 3901
98 87 31917
60 76 20711
52 68 19476
43 49 3820
73 52 32478
24 4 26971
55 27 32436
55 61 9145
20 75 27505
91 43 22067
96 25 26485
45 64 16440
18 22 27095
23 75 14102
66 76 18566
88 60 2922
75 62 1410
12 76 22154
66 77 4520
99 84 32049
93 35 31953
96 5 26382
57 87 15923
34 77 783
40 40 12605
42 32 15992
17 61 25195
24 91 10534
47 37 9412
36 96 11153
54 99 29700
95 34 876
44 45 12438
32 11 16878
9 62 6642
14 99 21293
43 44 24830
62 32 14353
70 15 3957
15 5 9414
13 29 8850
25 96 13248
55 34 26212
94 51 24991
61 51 11421
0 4 8356
95 3 13497
0 44 4713
0 18 21708
24 33 27940
45 72 31069
92 22 19865
45 64 14359
39 61 18819
34 16 17461
85 53 3620
32 12 25842
15 17 17720
4 94 28013
54 5 28284
21 35 29365
95 35 26252
74 42 26626
28 61
44 41
28 20
57 4
100 80
100
85 24 8437
69 52 17614
42 64 9267
1 27 32448
34 51 26021
55 28 14900
33 92 1882
1 11 21494
58 4 19972
85 3 17294
36 1 32513
80 98 31829
47 42 4468
23 34 6302
87 24 19454
73 38 15318
2 69 28907
69 53 14835
23 94 6387
61 83 16776
62 48 24808
57 94 21328
78 27 10463
96 1 3355
84 35 25525
30 31 1881
26 74 27651
94 99 2995
17 87 4062
74 5 4223
44 12 5879
25 58 30698
2 95 32496
96 56 25388
29 17 6155
38 71 18726
90 88 8310
57 36 15666
9 65 1763
97 21 15900
66 37 11569
87 5 20081
83 71 27213
27 11 20132
6 61 13974
27 100 26311
52 34 28773
9 82 4287
13 16 3724
62 80 21821
97 9 29931
20 85 23782
36 61 870
47 25 25710
77 46 29155
80 11 15764
34 74 11294
99 15 8250
45 17 13934
68 44 30229
39 67 16596
15 92 20651
44 12 32744
21 49 11408
18 89 15237
54 96 22055
15 43 20802
50 81 850
46 70 15631
76 32 21206
44 98 9376
18 83 11613
45 51 29285
45 51 19798
18 63 21302
0 50 18992
27 3 30222
15 69 14493
22 5 20319
94 23 5336
12 56 27107
98 11 3373
7 44 3326
72 64 12854
98 49 17672
66 63 24446
16 73 13337
34 40 10898
24 85 4651
67 38 8104
73 51 31154
23 36 23136
27 20 6651
69 55 28240
11 3 15080
39 12 26193
75 79 13803
39 20 13012
24 58 13903
15 95 32413
62 36
9 13
64 95
31 28
100 80
100
20 25 25124
22 9 10197
77 18 26577
82 32 21210
51 87 10145
42 65 2040
17 80 7215
78 59 8532
94 68 29277
24 85 10367
73 42 28788
25 31 2612
85 72 22243
48 49 17150
59 9 32170
48 30 4400
100 39 32211
12 68 28134
32 45 6279
25 33 12813
52 22 21918
66 70 11695
55 2 4548
62 48 26342
75 23 30847
95 20 842
59 95 16575
54 78 22969
47 95 700
80 69 9157
38 97 13395
62 67 3378
32 53 21790
54 41 17727
52 23 9719
68 56 2235
97 39 32686
63 22 11535
94 44 2837
17 57 21443
25 21 20657
31 82 27439
65 94 24748
26 23 19533
79 69 17381
26 62 28398
24 63 3368
36 34 9404
91 16 19964
5 27 24789
22 27 29825
83 54 5342
61 71 16472
79 74 28121
24 30 6802
100 41 2614
77 96 16648
13 66 28610
90 54 28603
75 11 25485
23 13 4867
62 16 7899
80 40 9145
12 99 954
8 21 10915
53 88 14554
99 6 6852
7 24 18352
20 82 19044
100 46 18705
44 38 24809
14 26 11209
99 91 9181
91 54 32214
27 95 14250
12 64 11345
71 55 14589
92 30 14127
37 94 6611
31 81 11606
44 8 31114
29 82 15041
9 24 20894
55 9 30125
59 51 22743
86 67 14586
84 77 32010
74 81 2376
38 67 22469
83 94 3965
67 29 7288
79 48 28342
19 54 16124
84 70 29902
6 27 1927
89 46 11258
81 62 1385
84 78 31037
57 55 25648
35 75 1681
48 52
4 23
69 23
49 66
100 80
100
61 72 2524
15 64 20071
43 30 21164
68 42 32493
65 49 25745
81 26 13645
98 99 2568
44 55 13678
22 58 13110
94 44 12707
3 85 31625
16 72 4087
45 63 6265
18 78 9271
10 64 13832
38 68 652
43 12 5602
44 49 6152
35 46 19498
45 72 3442
27 17 16718
26 10 28211
9 90 17025
33 90 28728
27 52 29353
46 5 23325
67 32 27619
83 88 15364
75 41 26091
30 52 8417
46 15 20489
9 19 20769
24 46 3412
15 31 13051
45 46 30826
94 49 5065
84 20 4075
11 16 12086
71 53 16217
39 94 25647
29 35 12339
32 32 22482
45 5 32093
7 86 9680
68 10 5936
45 35 31481
1 63 12496
85 19 25082
35 17 16281
48 42 29540
52 63 31674
50 64 20892
81 8 32094
82 6 11849
54 25 5103
99 69 23119
16 2 23900
21 48 25223
81 12 359
30 9 19109
71 10 22878
53 68 25876
73 35 18140
58 61 25009
75 18 7255
77 97 18085
27 22 20650
79 57 28118
80 5 21214
1 37 9887
65 96 17890
48 70 3795
91 59 17386
52 73 26429
92 92 6063
15 85 26383
43 33 11726
92 25 12034
86 33 27373
66 88 18465
40 10 9079
58 14 25441
75 58 14343
6 72 9890
42 97 26083
90 45 2219
1 77 15633
23 31 24886
37 15 30180
62 63 13112
47 32 7717
5 86 9944
20 91 23062
37 83 30169
24 100 20482
66 57 2149
82 97 21790
94 89 31100
83 13 10465
67 19 364
86 64
78 74
76 81
68 80
100 80
100
19 65 28872
54 6 8530
2 74 3675
55 57 1800
68 57 3256
77 18 17154
23 70 15263
25 36 709
97 38 15339
58 42 26842
46 64 20225
89 57 20614
20 43 22515
53 12 7951
5 96 27778
93 99 21994
82 1 10297
52 16 13980
5 92 24150
25 5 5185
69 32 22338
96 90 14315
94 54 3265
75 53 21595
65 45 25638
84 80 15045
82 76 18478
52 10 9621
25 11 19532
48 85 20347
97 79 16784
8 50 31777
56 35 26986
31 87 25941
97 4 19709
70 11 31381
84 33 16316
66 7 23098
35 1 19080
60 93 12983
79 38 14468
18 38 8097
53 42 20830
75 75 27014
38 31 1217
98 97 8375
65 7 31011
17 91 10891
12 7 9267
88 53 21969
23 7 23950
91 99 13921
91 79 19598
18 65 12563
100 17 14403
47 8 6274
31 53 11516
6 87 20577
89 4 11504
87 88 28756
65 12 18904
46 60 8326
49 29 9130
99 99 14707
10 83 27817
33 74 23970
32 80 19848
100 47 8000
4 64 25692
62 20 7385
65 17 12161
82 71 10153
65 47 4550
20 49 19256
0 23 20354
68 47 16698
59 87 31833
90 76 19946
27 41 24531
9 25 100
92 27 27428
59 32 12188
12 83 1195
72 72 6156
9 0 15888
32 99 1837
67 23 4113
64 63 22870
74 3 856
37 98 922
57 13 20469
31 82 18099
77 83 1353
73 90 18728
13 15 19086
16 23 1576
59 32 19516
74 34 3026
54 64 1270
56 90 16096
51 84
4 72
62 35
25 69
100 80
100
97 48 17472
18 17 26063
4 18 7262
16 54 15605
14 57 23809
8 28 14009
81 52 16433
46 45 1308
30 68 19651
67 63 3718
70 84 4344
19 77 10965
25 75 16498
14 38 29628
65 43 1275
26 73 25441
3 19 27160
0 85 28029
82 7 22872
48 63 15979
42 28 12766
2 89 10478
92 8 12191
24 67 22160
4 6 10050
13 67 22503
14 12 8621
16 1 2348
10 29 11929
70 57 13532
22 69 26573
13 88 16742
62 5 9928
32 55 22539
61 91 27916
4 46 8829
31 59 830
0 68 18918
92 9 28123
37 21 7508
69 6 5685
11 81 32451
18 8 31979
64 53 15676
60 66 1833
39 76 10177
30 80 2628
73 36 14336
43 25 12695
99 65 1277
70 22 18600
35 72 3382
16 91 26618
40 11 9461
53 75 3366
25 13 16580
36 28 22274
70 15 15676
19 36 1281
41 95 31920
85 88 1303
9 97 2143
44 7 24002
85 22 9772
55 36 10765
17 89 21782
76 74 15259
91 66 12769
44 100 23336
78 6 12974
68 69 6655
61 13 17274
88 21 18258
85 59 26293
92 17 29310
1 14 25716
38 5 32666
20 25 6119
53 97 17893
99 14 24100
31 67 2032
73 94 23129
2 3 25493
2 93 776
4 95 11294
4 87 2275
6 91 2851
46 61 29522
1 78 21770
91 57 6098
55 1 17457
92 72 10417
61 70 23082
92 54 19662
99 24 2188
78 20 21858
74 79 2887
57 85 2056
33 22 7301
8 96 25207
22 98
1 1
16 2
48 67
100 80
100
62 38 723
45 63 19348
72 70 18944
16 55 14116
71 46 17227
41 26 14272
97 3 12578
0 73 14639
33 53 2798
91 41 22814
39 6 6738
86 41 1627
69 88 9791
95 71 30259
80 62 1272
29 80 10844
81 63 2660
46 85 18227
16 1 14905
47 29 27967
93 33 32230
39 28 31276
95 37 27725
2 55 21692
15 7 1446
17 61 1134
86 61 12321
65 94 8379
75 8 21026
6 56 27965
97 76 11568
18 34 3875
82 39 10473
2 59 32185
96 100 8094
75 93 29418
89 90 1628
25 40 524
9 65 2197
99 10 27225
63 55 29606
61 52 2005
31 88 10468
65 35 16543
49 83 19710
38 26 17877
97 76 8661
75 22 18072
4 8 29722
57 4 6359
98 49 22606
57 24 11998
40 67 10998
25 50 16868
42 11 30250
99 20 14608
74 71 4806
37 9 20903
83 14 9689
52 39 14434
82 4 2872
10 57 27934
46 8 25654
38 75 16741
6 16 28141
86 85 22402
74 97 1191
80 77 2839
27 32 25146
36 5 28023
2 18 17275
94 91 20270
66 94 17691
11 51 32119
82 63 639
16 79 13728
39 22 24951
9 79 10619
85 77 3042
98 81 6005
53 63 29850
18 60 15852
9 1 30538
51 19 9425
80 67 15087
97 71 10696
88 17 3382
93 54 14908
7 23 253
53 32 1048
18 27 17558
96 17 28979
18 83 29860
32 42 19088
6 15 13992
29 83 14324
44 43 12952
92 99 17799
55 2 9493
98 96 31877
93 93
88 44
76 82
14 56
100 80
100
58 46 22792
71 79 21543
62 75 14966
30 70 28392
54 34 7913
89 18 28959
9 22 18911
86 66 18340
40 11 26831
36 3 9730
97 3 16468
93 61 16072
99 15 6864
11 88 8639
68 53 29437
43 65 29189
53 35 13675
82 6 32585
89 48 2526
13 41 29850
75 86 29187
28 34 5248
86 67 15608
17 63 11617
1 53 26523
76 2 25180
60 24 4000
99 97 25628
86 26 13267
86 21 4698
64 62 9758
40 95 2560
36 56 25635
72 52 11563
6 68 4489
62 47 2434
79 81 6998
22 11 30363
76 21 11745
69 62 10593
36 21 12104
87 43 6846
1 62 28269
13 54 20212
6 79 15075
14 71 6241
54 31 13399
56 5 11188
12 70 24662
11 85 5295
21 61 2949
40 85 8716
100 81 14232
81 81 1058
86 38 27065
83 90 27999
32 55 9500
6 98 21677
42 46 19435
9 24 22874
41 66 5333
2 81 1319
94 70 19942
53 86 5243
19 38 21869
74 32 22009
90 45 6177
94 20 27105
72 89 4033
22 79 32522
41 13 16351
38 90 28246
89 66 5791
53 89 5866
33 70 30089
48 62 27802
77 7 2754
13 44 5950
89 85 7498
25 54 7409
23 96 3853
45 8 10859
44 30 11756
5 46 29678
99 24 2311
98 83 11909
45 59 29169
72 89 5249
11 1 10646
76 44 6521
33 13 1781
100 12 12606
4 78 14848
4 79 10873
48 39 14147
94 87 26864
82 67 26910
34 86 5288
20 6 2485
22 69 27229
37 94
8 13
1 47
93 78
100 80
100
66 11 25184
93 74 10100
63 11 27468
63 43 31205
0 88 8548
10 51 3315
25 41 22019
40 40 5953
96 76 10874
98 66 12176
53 1 4241
58 42 759
9 68 22794
42 73 24021
54 71 1077
92 62 10497
28 89 27878
64 91 27102
26 60 24690
83 15 28507
4 51 22151
96 0 28425
38 88 20971
52 76 15567
25 2 3982
56 89 19682
36 62 7034
70 55 8966
39 36 15225
57 87 845
83 28 28049
99 35 30667
56 63 3236
9 94 23541
42 16 6101
79 80 27042
12 67 10627
89 42 3315
42 44 28920
4 2 23432
77 80 3614
93 89 16578
83 64 4311
51 99 5131
86 58 9677
99 19 12130
44 8 14548
78 23 2958
56 17 6452
85 35 13514
48 55 1652
62 77 26069
39 99 3200
76 31 4244
97 30 19515
74 15 25303
8 76 18914
38 79 15075
91 88 11462
73 80 21187
17 82 5195
46 66 31383
9 33 21546
7 87 22867
13 89 7786
70 69 10419
30 93 27533
91 28 3152
60 12 25058
26 47 19725
84 35 8962
45 52 14693
1 7 21200
70 15 56
85 35 28072
62 52 24360
78 7 11132
94 52 16046
95 45 19461
30 14 9573
3 62 19550
95 28 6465
22 83 16543
61 46 24749
66 59 27731
70 57 28355
59 76 19164
84 59 27935
70 70 5408
46 30 6900
89 43 1051
71 14 27764
56 26 10278
36 60 18091
8 72 15122
66 77 13136
66 58 26471
95 72 17736
32 52 10601
32 87 29128
70 98
88 36
84 82
68 8
100 80
100
70 39 4766
14 75 10657
82 72 22273
35 80 4808
68 45 21378
26 4 23801
17 45 22973
41 66 14942
36 77 19072
5 22 7287
81 32 8967
54 26 23329
96 67 3528
37 10 2086
56 16 31829
77 17 30813
63 27 30782
29 46 19578
50 20 30467
28 11 4889
91 48 8560
60 92 19130
59 87 14578
75 68 26011
37 98 9684
98 60 19122
63 36 20317
17 94 30268
42 96 15173
47 56 8601
10 72 9214
72 87 3438
90 50 19903
78 83 31296
34 57 28769
0 82 23306
96 49 8282
69 52 10876
11 35 19335
75 46 22238
2 73 11908
55 22 16853
71 27 11710
16 96 10358
30 27 18819
96 27 15726
33 37 1727
11 7 8745
23 45 11817
66 85 3383
41 23 16904
12 17 7015
95 24 3800
61 78 22097
6 50 21883
0 57 13889
63 63 19897
39 51 7873
29 73 13879
35 87 23609
30 66 25400
50 25 20056
43 29 20406
82 74 32331
12 14 11458
58 45 12514
60 11 22824
34 95 25658
4 14 8130
64 63 25997
6 27 9486
3 78 5919
38 59 7384
98 43 26523
95 47 18201
62 27 13104
26 23 24411
1 80 7243
38 1 11332
60 91 11469
2 80 17682
40 31 4611
92 37 303
92 49 21712
17 57 27181
92 70 23746
8 38 702
28 67 10260
32 53 21897
94 52 15301
15 59 5362
69 81 13894
0 62 12581
1 62 29816
60 74 15366
81 11 11243
63 55 19166
4 54 3743
78 55 21453
10 95 19378
16 72
67 95
82 77
58 39
100 80
100
5 89 19273
44 53 26145
6 86 6639
86 34 25913
48 32 651
100 15 1133
64 41 6257
29 19 27549
74 83 17129
47 59 31819
26 45 26249
76 78 19026
54 46 16540
47 89 6134
39 16 25537
0 73 15816
86 44 28946
79 23 15394
82 78 11115
9 87 30487
6 14 27306
35 17 7983
92 16 21248
43 99 22608
56 96 6318
79 71 7572
81 2 4796
83 20 31751
72 16 32656
0 71 22405
16 72 13430
31 10 21536
1 70 3433
98 94 998
71 5 25796
57 97 27609
48 54 12974
53 71 9332
21 15 16975
24 36 6424
8 49 16180
64 33 1840
73 81 18290
1 4 10486
75 34 16230
93 67 16655
48 15 27162
100 88 21386
2 9 21956
8 77 3552
48 13 3545
50 47 762
88 51 19614
70 8 16765
42 32 9291
48 39 14783
12 89 23570
81 54 13877
76 87 6061
66 77 9272
5 93 24643
1 18 25720
8 66 23482
81 60 8562
29 43 31706
30 69 4035
40 4 16584
33 90 20277
0 77 25282
3 61 13518
76 19 25892
88 96 25938
8 98 18718
18 5 9460
81 68 24746
97 52 27690
21 72 12942
100 41 31458
42 69 1703
81 68 6786
55 83 7587
69 20 21635
42 34 23026
90 65 26245
46 41 18335
19 28 32298
8 31 3912
53 32 5658
43 69 1137
74 67 31488
38 8 14824
68 35 23143
36 40 26352
37 3 5808
3 25 32367
64 64 17061
44 83 13654
84 85 27729
45 37 26612
82 84 4645
56 52
95 61
64 28
71 57
100 80
100
33 50 24945
10 7 9222
25 6 15728
24 38 20749
63 37 6602
30 14 14100
12 71 23964
96 42 3544
41 62 32385
87 86 1370
30 80 2911
15 17 16161
63 80 24788
60 95 28331
37 94 30703
42 10 24834
66 79 12281
29 59 21677
20 24 6769
58 14 631
87 23 15513
19 54 19650
25 91 31764
99 86 3684
82 86 5262
42 43 17206
4 16 4715
25 58 5094
51 49 29408
89 71 31658
38 22 17424
33 37 6622
78 69 32765
36 28 6848
65 4 29557
54 21 18875
69 6 24120
82 54 9479
2 47 11276
47 65 32136
41 58 16005
21 54 7977
57 54 19867
12 68 32053
78 6 31090
88 54 15186
62 8 20952
52 7 30504
86 25 26727
42 29 16355
84 89 2124
92 75 6
49 72 31521
14 89 4951
1 60 25701
100 98 9662
97 67 17771
14 80 6516
63 9 14812
48 89 25047
25 76 287
32 52 19894
35 44 841
62 58 30459
58 96 16476
28 87 18168
1 57 3843
72 19 1475
93 79 19465
57 50 4195
55 44 11837
83 52 25795
56 95 27273
10 4 923
18 53 16989
54 34 2008
25 14 2751
15 75 4136
78 14 17567
53 74 689
43 71 3909
19 68 7202
94 12 9195
26 89 29339
76 37 13799
2 52 27168
57 17 5362
17 44 23441
72 70 22373
25 91 12385
49 65 12431
24 22 17539
41 40 31594
17 43 19772
25 64 31835
16 49 7909
11 62 31943
54 40 17604
23 62 14737
3 37 17787
78 89
38 30
45 15
98 13
100 80
100
89 2 6066
29 93 14235
63 71 3390
21 28 6335
93 50 11346
92 58 24982
97 69 11260
57 36 25434
58 58 30295
80 21 10173
28 31 28715
96 24 18330
25 9 15039
58 63 10664
44 13 31243
79 87 14483
6 24 7555
33 31 23896
17 4 13359
8 62 30125
50 47 1237
98 74 26589
49 82 2392
53 38 11372
29 99 6299
44 31 31560
64 99 3214
69 51 3460
50 21 6699
32 3 26062
7 29 28549
57 34 8476
34 9 4167
23 58 15934
88 15 25390
75 27 26209
77 96 859
2 76 22949
77 13 16027
79 0 2638
63 66 17908
40 96 30270
25 19 2071
77 73 16825
78 20 1412
40 10 18335
49 33 15493
84 65 4769
50 43 8020
83 96 20513
94 80 28921
11 8 6327
15 64 30153
83 83 13200
32 46 10900
84 62 4394
89 87 16858
77 8 28435
100 6 2212
72 88 14774
12 15 7377
38 80 8797
98 82 7419
99 11 20206
37 61 15937
53 26 22036
43 50 3727
40 32 13769
0 46 10823
51 63 27521
96 53 25170
20 27 7274
97 9 19460
45 16 8569
98 1 1619
53 75 7732
63 44 14425
70 33 23178
25 50 31510
42 0 14094
6 20 5348
31 24 4201
32 5 14127
47 6 4594
15 96 24379
10 89 8347
25 65 8485
80 98 32444
53 45 4200
52 37 24162
82 28 15237
89 33 6960
5 23 22692
27 19 5610
40 68 24388
66 84 31563
92 92 28502
37 41 27828
60 19 8281
72 29 23758
36 4
76 14
77 27
83 48
100 80
100
84 82 20598
44 91 25905
34 11 6939
42 83 12064
88 27 13058
44 96 20241
4 48 14063
60 86 28753
86 59 16258
60 41 18864
67 32 13581
25 95 15486
42 87 22833
76 23 2394
52 52 16348
9 29 29120
40 96 11142
63 29 11927
41 94 28342
30 5 17206
41 14 10551
99 81 12689
70 58 394
95 76 16275
86 5 27506
6 98 9927
0 64 12980
65 49 32489
79 74 27994
48 47 18675
38 77 15132
20 76 951
83 77 24512
32 10 29752
13 70 25740
72 6 6961
43 40 4386
42 30 32399
33 83 18006
38 12 18639
26 59 9704
32 64 6515
71 9 2086
5 99 2328
94 17 7389
2 12 10443
69 51 18212
13 58 30638
86 8 23531
49 0 15127
11 92 31054
80 95 9373
95 91 16666
87 45 3806
46 6 27411
74 61 9440
6 82 29643
57 81 20822
61 67 13106
12 46 10804
76 14 29232
35 90 596
31 49 14549
45 97 11809
42 32 5902
45 56 10615
19 10 10217
64 63 31812
5 67 5047
74 67 18576
23 39 28607
18 7 10210
64 94 6721
47 42 14163
14 12 10216
73 12 14506
27 64 13323
72 51 21571
84 97 30540
42 85 6857
95 84 113
8 50 14042
57 5 22924
71 95 7731
66 47 22478
47 90 20216
80 99 24218
50 15 4399
85 75 3762
62 0 7566
62 39 16533
54 78 16931
74 45 21860
49 48 29322
91 6 27626
68 56 29858
11 81 28570
20 6 23557
44 33 21927
90 76 5555
23 40
42 54
23 40
87 42
100 80
100
28 53 31870
91 49 26936
93 39 21681
7 6 6221
44 94 17098
28 14 8171
26 79 18971
78 71 15491
96 29 3366
1 50 16677
44 76 22794
46 51 22447
0 86 5955
24 54 16787
57 85 10981
75 85 12218
72 51 31382
84 45 27949
57 20 31471
93 38 11145
89 36 1300
70 63 4455
39 3 13215
100 31 2631
83 27 29743
83 7 5273
6 57 1599
84 93 13812
96 14 20496
100 13 9898
86 95 22727
65 22 32046
10 41 25365
62 29 30467
8 67 9723
63 99 16446
100 33 2445
36 58 7091
40 89 11202
23 64 23909
82 53 21937
90 68 5598
89 7 969
83 47 26728
60 57 17382
68 79 8042
48 27 600
73 76 31065
36 34 31537
8 34 11756
52 64 30579
88 47 7847
73 25 22010
63 48 22224
7 60 11829
21 60 15976
29 26 12037
100 56 199
90 80 18024
56 76 29413
84 83 11949
40 52 3701
69 5 17511
24 0 11878
75 69 5218
7 35 28251
45 76 29496
29 96 12863
91 86 14436
18 76 15362
64 80 29924
31 91 9498
92 12 16833
33 84 24168
35 69 7450
33 71 21638
74 14 19596
3 1 20399
88 46 29188
58 93 28096
5 34 31838
51 60 31235
24 24 28519
30 97 14784
34 16 14098
31 11 21963
52 58 26625
61 51 10375
84 36 955
98 12 13588
12 30 8478
79 76 14247
51 6 18921
83 55 26682
22 80 1148
99 69 18
91 51 27933
89 20 10199
81 74 1121
59 62 30503
44 36
73 30
18 54
90 42
100 80
100
78 7 2466
11 14 31121
69 87 20411
26 20 4577
24 89 16174
58 34 9703
90 7 847
4 83 26687
46 16 27318
12 41 24214
16 80 1449
47 23 27109
3 52 26207
25 10 18199
74 10 27087
18 100 22040
17 1 28628
86 73 28287
57 93 8132
77 82 20557
10 44 21192
31 50 9334
96 33 4005
24 21 21557
69 19 15275
86 47 3929
65 94 21254
39 98 30984
67 16 11947
31 81 28589
43 50 10382
92 1 4112
48 26 24301
30 43 15559
82 7 32208
88 62 27257
0 18 25100
36 27 1721
87 32 11116
42 8 21080
83 47 31698
13 46 18815
58 15 16230
85 98 760
87 56 32309
11 0 7529
88 35 29126
38 36 11372
34 95 31124
54 28 28875
41 65 8048
38 97 20049
1 43 14642
77 41 14051
60 29 26437
69 74 30178
53 49 18418
19 53 14346
50 62 17786
48 27 11074
22 81 31060
58 87 28446
3 38 18743
63 5 6660
3 54 12975
77 38 8238
22 29 16498
0 52 16639
95 55 28848
81 84 5223
86 95 30221
3 65 13648
76 20 17683
61 86 10046
50 6 24110
64 92 17583
98 65 18591
19 97 4318
1 44 19679
60 88 758
75 13 15719
86 38 6612
84 54 4838
20 96 3822
18 35 23870
61 24 9208
36 62 7397
16 35 6747
57 86 4218
66 9 13470
28 4 28852
30 71 330
32 34 2285
5 27 27645
55 16 9469
73 41 31898
60 51 32032
4 4 5599
17 98 12057
25 68 15305
46 99
5 48
99 95
72 13
100 80
100
90 96 21975
48 88 21538
53 72 12388
31 49 30315
76 13 19723
42 39 31098
20 66 680
17 19 18582
58 81 12923
7 87 7451
3 77 27871
51 14 9125
75 96 3195
58 18 28275
91 20 10246
58 52 12934
82 49 16108
75 22 23077
27 43 8062
7 51 13004
26 60 17782
52 80 13749
33 14 26088
21 58 29047
44 82 6662
26 21 16499
100 10 11324
46 49 2820
54 3 906
37 2 9644
91 46 5931
81 61 15032
65 13 18667
100 64 27663
36 83 3767
47 55 17704
31 60 1099
31 72 32348
11 11 25616
60 99 18956
26 30 4736
0 70 14676
78 72 27056
36 90 2373
40 99 23248
46 11 10972
85 87 22969
99 52 26411
4 5 27373
10 20 28274
56 60 9869
53 49 15387
84 69 9010
89 43 21205
49 68 4527
83 66 15168
64 91 28447
59 5 13551
13 70 9433
1 23 31905
92 15 17938
79 54 15365
47 29 26973
38 86 30315
21 19 28743
61 90 25378
46 16 31168
13 47 29056
32 1 19474
42 69 31680
76 94 18836
44 76 17727
0 57 3931
14 97 5560
46 80 16277
79 77 26260
94 6 16729
55 67 30828
25 74 32263
48 71 5699
40 11 26770
12 29 6450
81 23 30030
81 33 14960
78 65 10514
82 12 15106
46 60 7374
75 85 12146
42 16 20202
16 51 9059
28 19 28164
36 17 7129
89 83 235
3 68 4242
9 36 32229
44 44 5053
3 81 6051
63 31 23796
52 23 20598
82 43 5961
61 42
64 67
94 1
83 100
100 80
100
13 27 27250
45 49 11946
64 24 19950
18 64 4129
28 9 2457
94 65 23646
17 68 29944
31 30 32458
7 25 1109
50 46 19389
24 34 23852
8 12 9587
6 55 24228
73 79 28693
42 92 4001
60 15 31166
69 43 11352
89 70 23745
29 39 19312
98 91 20903
36 9 22285
3 28 13201
64 47 28760
38 39 29963
50 90 21607
67 52 15475
15 58 3987
91 31 9848
50 12 18577
8 5 4710
64 4 16119
38 36 12087
71 35 20722
71 11 4512
42 69 2639
76 43 14999
57 19 29488
48 12 29438
88 48 7931
10 28 3195
15 10 27753
68 4 16555
95 10 3525
61 24 24358
94 3 23728
6 49 4116
35 4 16134
33 45 29765
11 87 2757
74 22 11530
92 88 29946
96 94 9533
29 65 15385
43 100 8760
29 16 30815
11 92 32438
53 87 23809
93 74 19144
49 38 19283
19 90 13159
33 72 30008
73 21 22864
96 27 32367
84 87 29219
16 14 9370
34 52 2
12 0 1054
19 59 27428
8 100 9247
90 53 9747
8 85 7747
55 23 4246
28 10 1813
38 97 22123
40 78 16907
37 10 24166
90 66 14497
64 10 21391
14 40 3599
46 66 13644
73 90 29048
62 9 31946
6 88 11949
48 83 5398
20 63 8665
15 1 28834
53 98 19623
67 84 16950
86 78 3021
69 67 6265
28 50 25084
24 42 8847
63 50 2466
38 66 2434
19 57 4358
75 23 23931
60 78 15524
27 80 26343
71 39 22996
34 71 2847
10 41
75 100
82 3
22 2
100 80
100
36 77 939
55 51 7126
87 34 31127
44 70 20181
32 7 18865
42 11 15719
0 96 7266
57 30 16134
62 87 16575
16 13 17416
70 87 28678
96 6 19269
16 73 15294
76 87 9624
60 15 16774
37 39 19383
67 17 3049
82 93 20
36 91 10709
7 23 22986
59 6 3725
23 86 30401
4 54 18985
86 96 17030
22 41 12034
26 73 19610
52 99 4764
40 26 25622
21 86 6377
96 87 26619
85 27 28420
76 29 17041
15 95 5799
74 88 11150
63 91 30227
56 64 24589
51 58 22561
15 9 20598
94 32 30385
68 14 9189
59 64 7609
74 60 11706
79 5 32664
78 31 23881
20 96 904
72 41 6387
99 59 15665
62 84 11527
47 65 26844
28 49 19513
21 72 18862
56 44 25241
3 49 12275
21 3 32074
39 56 19304
16 81 6254
20 46 20985
44 31 4604
75 40 32123
63 31 7036
89 100 832
31 63 7652
98 50 32414
30 43 27141
86 35 25534
58 62 5447
15 54 583
18 78 21928
22 36 30667
45 71 24896
9 34 16382
25 36 5291
31 15 25882
0 100 16690
48 46 15617
18 63 20104
13 88 12280
26 53 9584
71 80 19481
25 17 28597
52 52 29892
78 88 28458
55 64 24507
47 50 20663
9 25 22959
6 96 16795
32 42 2658
95 18 31849
43 49 13492
95 38 20592
20 24 18731
59 15 8584
65 68 8665
21 32 22394
89 49 29873
95 76 31618
45 15 1446
9 75 10135
17 30 29738
25 56 15999
48 69
21 54
87 0
62 41
100 80
100
29 59 10340
21 39 14740
99 93 2999
50 17 5416
51 81 25935
27 58 29077
24 5 15177
73 7 14927
90 52 19480
41 65 486
9 92 30325
50 57 26427
94 93 19337
18 42 5215
82 63 10190
84 65 13083
26 18 16264
99 35 31821
69 8 20983
92 62 7842
59 37 17035
95 33 28248
49 17 14780
49 7 29450
83 53 14171
88 91 18865
10 92 15985
52 69 16485
47 78 1804
67 67 24192
5 26 31882
52 88 1835
64 92 20284
83 44 23948
72 86 5755
3 15 22785
3 91 31882
19 28 23852
49 66 16337
22 93 31942
19 76 3417
62 64 8045
26 43 26257
53 52 25059
63 47 30918
82 6 1411
0 78 5841
98 97 28371
71 68 30182
53 88 23669
100 44 29844
54 68 30448
97 86 8004
73 6 28419
91 37 26601
50 47 25471
43 86 11930
71 24 2267
10 21 22342
50 92 23550
3 57 19662
71 45 22268
86 36 3104
93 75 31149
34 2 12847
70 62 20842
14 74 7631
29 65 21082
30 18 4847
45 7 6674
13 91 32417
14 45 26225
93 5 5092
49 13 31999
51 84 1852
40 42 15939
73 26 17274
30 17 32190
0 70 7225
96 0 17044
89 19 21244
64 76 7694
78 23 18941
33 93 7275
15 34 3075
53 67 18891
83 45 29401
71 19 10261
18 16 15934
49 58 5148
74 88 27493
7 32 18298
80 82 8547
96 14 12763
64 9 8473
29 37 8100
61 0 26485
17 49 23876
23 0 10028
20 25 3468
97 31
72 89
26 16
70 64
100 80
100
53 65 22058
6 69 15527
79 20 6957
89 90 4349
90 99 21337
0 52 30315
38 25 1387
9 90 24506
41 40 7711
10 13 12458
54 64 2046
36 73 24460
57 28 17895
35 11 6501
62 95 18021
52 55 21502
93 15 14904
78 39 5796
88 23 25232
2 25 19853
93 47 7154
3 44 1307
75 93 28861
68 75 16756
37 18 19144
67 51 7201
98 24 32149
76 6 13500
70 73 27392
84 88 8915
64 57 646
61 66 18052
23 29 24426
14 88 25220
5 64 25698
35 46 9612
80 89 29598
35 80 615
43 79 22584
64 72 15624
13 3 12921
40 98 14462
54 5 19058
92 46 9378
52 90 9433
50 68 31685
44 40 9264
62 56 8144
84 0 29847
40 72 9114
20 36 2787
10 19 14424
57 45 12229
44 42 8303
66 79 30252
51 7 16416
28 3 10281
13 50 14771
48 56 14326
80 24 17978
5 32 11000
17 8 31997
55 77 21201
92 14 19246
37 54 3286
13 77 19066
74 29 14993
5 78 16521
81 5 17934
76 58 10904
55 86 23335
97 83 8103
42 25 6925
31 87 22771
10 47 446
63 16 9149
36 67 3365
63 72 12415
89 8 1049
84 65 29481
80 82 3967
21 17 25847
24 4 16939
4 64 17405
20 55 15455
14 54 13701
72 20 24055
78 54 18376
11 68 1695
52 6 1201
77 73 17834
76 78 27303
53 76 9061
72 34 398
26 20 27638
16 14 12683
21 48 10279
55 85 20003
28 52 19121
60 91 17356
91 6
47 85
45 36
71 60
100 80
100
98 57 1403
30 87 11643
82 14 764
16 64 21296
17 21 6561
44 38 20862
25 46 31560
69 25 26846
16 64 25023
48 52 362
33 7 22469
80 93 25539
39 57 18012
31 78 19027
85 74 28150
21 80 15820
42 83 19294
40 88 24870
52 79 13940
26 84 4241
7 18 23818
52 71 21525
45 71 9869
25 30 29145
40 66 7484
69 88 13635
77 66 16410
99 85 5998
78 34 11490
3 94 10928
59 42 29600
41 78 20002
15 78 11710
96 46 3942
13 3 12458
100 21 4129
0 82 30812
50 89 4580
39 72 16485
39 88 18041
24 19 16977
56 55 31690
88 74 18044
83 6 486
66 38 12469
33 13 3782
72 64 1077
88 40 14050
32 90 4834
72 33 8894
42 18 14796
4 61 18668
14 35 16749
37 68 28990
98 61 16911
77 90 28952
35 24 23908
9 55 14883
73 7 17467
89 64 19415
52 79 27593
1 85 11656
3 34 6165
49 79 6663
5 91 2383
18 81 18161
54 51 14411
62 85 317
60 0 12883
85 11 1461
44 20 24331
73 59 22353
29 12 23325
23 0 11952
53 98 10468
92 37 17706
75 38 21592
77 37 809
90 65 23005
75 26 19660
68 57 14286
66 35 6401
49 3 8403
54 28 32414
78 40 22887
11 43 16413
54 17 29975
8 76 27136
23 93 30819
33 27 8469
64 81 27208
70 86 5388
98 16 11479
60 91 285
97 100 5741
93 73 1963
29 49 19813
35 15 22322
60 43 26198
86 90 13788
1 66
40 95
63 39
59 81
100 80
100
87 7 2633
48 66 27194
35 14 6704
18 18 6791
76 43 21800
89 100 24911
70 36 21448
46 79 25996
88 73 10508
62 32 24209
46 16 13293
44 69 11563
79 76 28629
39 4 24530
61 94 29957
32 65 5251
98 72 13892
75 0 28626
58 22 15215
85 21 5200
15 95 12478
37 84 30312
62 37 12513
15 97 26675
31 4 17473
20 83 5620
33 18 14852
45 88 14145
12 4 20390
48 19 16900
41 8 8781
78 44 17359
23 87 12569
89 56 31556
51 81 23069
81 72 11900
37 27 17364
83 68 23723
64 79 8988
74 45 6270
3 47 21027
18 15 26082
1 52 18130
26 66 12592
55 79 14227
7 67 12023
71 27 13190
52 15 31452
92 9 12156
48 91 28995
79 59 7003
9 12 21189
32 89 2994
11 8 4505
37 5 29095
10 81 2168
58 15 20359
100 16 6063
44 55 25238
80 4 4179
95 22 27395
83 69 16080
31 41 8448
38 100 7509
53 48 4710
68 25 3011
20 26 9862
21 93 11815
18 39 28126
81 66 5109
14 95 16882
58 48 22891
29 8 7557
76 73 25070
96 93 4048
57 29 25924
13 66 19869
56 79 8946
52 87 14664
94 57 30245
16 4 22286
34 32 2549
60 9 5438
37 1 24798
51 9 10271
33 40 5060
83 87 1964
14 22 27619
28 8 29044
0 62 6257
3 58 15166
65 78 3039
63 26 21320
41 81 22014
53 72 4399
25 4 26488
34 49 1770
51 92 24653
20 54 25442
79 22 11875
48 46
89 99
9 25
41 96
